(0,0,0,0) : 3.17343e-01
(0,0,0,1) : 6.20549e-03
(0,0,0,2) : 9.74492e-04
(0,0,0,3) : 2.42091e-04
(0,0,0,4) : 3.98377e-05
(0,0,0,5) : 1.22578e-05
(0,0,0,6) : 4.59666e-06
(0,0,0,8) : 1.53222e-06
(0,0,1,0) : 6.98416e-02
(0,0,1,1) : 3.07516e-03
(0,0,1,2) : 5.22487e-04
(0,0,1,3) : 9.49976e-05
(0,0,1,4) : 3.21766e-05
(0,0,1,5) : 7.66110e-06
(0,0,1,6) : 1.53222e-06
(0,0,2,0) : 2.14189e-02
(0,0,2,1) : 1.05263e-03
(0,0,2,2) : 2.05317e-04
(0,0,2,3) : 3.52410e-05
(0,0,2,4) : 1.22578e-05
(0,0,2,5) : 3.06444e-06
(0,0,2,6) : 1.53222e-06
(0,0,3,0) : 6.79539e-03
(0,0,3,1) : 3.34024e-04
(0,0,3,2) : 3.83055e-05
(0,0,3,3) : 1.07255e-05
(0,0,3,4) : 1.53222e-06
(0,0,4,0) : 2.18188e-03
(0,0,4,1) : 9.65298e-05
(0,0,4,2) : 1.53222e-05
(0,0,4,4) : 1.53222e-06
(0,0,5,0) : 7.72239e-04
(0,0,5,1) : 3.67733e-05
(0,0,5,2) : 3.06444e-06
(0,0,5,3) : 3.06444e-06
(0,0,6,0) : 2.63542e-04
(0,0,6,1) : 6.12888e-06
(0,0,6,2) : 4.59666e-06
(0,0,6,3) : 1.53222e-06
(0,0,7,0) : 9.80620e-05
(0,0,7,1) : 3.06444e-06
(0,0,7,2) : 1.53222e-06
(0,0,8,0) : 4.29021e-05
(0,0,8,1) : 1.53222e-06
(0,0,9,0) : 1.83866e-05
(0,0,10,0) : 3.06444e-06
(0,0,11,0) : 3.06444e-06
(0,0,12,0) : 1.53222e-06
(0,0,13,1) : 1.53222e-06
(0,0,14,0) : 3.06444e-06
(0,0,15,0) : 1.53222e-06
(0,0,16,0) : 1.53222e-06
(0,0,17,0) : 1.53222e-06
(0,1,0,0) : 1.18594e-01
(0,1,0,1) : 3.17169e-04
(0,1,0,2) : 3.21766e-05
(0,1,0,3) : 6.12888e-06
(0,1,1,0) : 1.77538e-02
(0,1,1,1) : 2.00721e-04
(0,1,1,2) : 2.45155e-05
(0,1,1,3) : 1.53222e-06
(0,1,1,4) : 1.53222e-06
(0,1,2,0) : 5.36583e-03
(0,1,2,1) : 6.43532e-05
(0,1,2,2) : 1.37900e-05
(0,1,2,4) : 1.53222e-06
(0,1,3,0) : 1.63335e-03
(0,1,3,1) : 3.52410e-05
(0,1,3,2) : 1.53222e-06
(0,1,4,0) : 5.77647e-04
(0,1,4,1) : 1.22578e-05
(0,1,5,0) : 2.16043e-04
(0,1,5,1) : 6.12888e-06
(0,1,6,0) : 7.66110e-05
(0,1,6,1) : 1.53222e-06
(0,1,7,0) : 3.21766e-05
(0,1,8,0) : 1.07255e-05
(0,1,9,0) : 7.66110e-06
(0,1,10,0) : 3.06444e-06
(0,1,11,0) : 3.06444e-06
(0,1,12,0) : 1.53222e-06
(0,1,14,0) : 1.53222e-06
(0,1,15,0) : 1.53222e-06
(0,1,18,0) : 1.53222e-06
(0,2,0,0) : 4.46780e-02
(0,2,0,1) : 2.75800e-05
(0,2,0,2) : 3.06444e-06
(0,2,0,3) : 1.53222e-06
(0,2,0,4) : 1.53222e-06
(0,2,1,0) : 5.71518e-03
(0,2,1,1) : 2.29833e-05
(0,2,2,0) : 1.56133e-03
(0,2,2,1) : 7.66110e-06
(0,2,2,2) : 1.53222e-06
(0,2,3,0) : 5.17890e-04
(0,2,3,1) : 4.59666e-06
(0,2,3,2) : 1.53222e-06
(0,2,4,0) : 1.79270e-04
(0,2,5,0) : 7.35465e-05
(0,2,5,1) : 1.53222e-06
(0,2,6,0) : 2.60477e-05
(0,2,7,0) : 4.59666e-06
(0,2,8,0) : 3.06444e-06
(0,2,9,0) : 4.59666e-06
(0,2,11,0) : 1.53222e-06
(0,2,19,0) : 1.53222e-06
(0,3,0,0) : 1.66568e-02
(0,3,0,1) : 6.12888e-06
(0,3,1,0) : 2.02866e-03
(0,3,1,1) : 3.06444e-06
(0,3,2,0) : 4.79585e-04
(0,3,3,0) : 1.22578e-04
(0,3,4,0) : 3.98377e-05
(0,3,5,0) : 1.22578e-05
(0,3,6,0) : 7.66110e-06
(0,3,7,0) : 3.06444e-06
(0,3,8,0) : 1.53222e-06
(0,3,9,0) : 1.53222e-06
(0,4,0,0) : 6.57016e-03
(0,4,1,0) : 6.57322e-04
(0,4,2,0) : 1.39432e-04
(0,4,2,1) : 1.53222e-06
(0,4,3,0) : 4.13699e-05
(0,4,4,0) : 1.22578e-05
(0,4,5,0) : 7.66110e-06
(0,4,6,0) : 1.53222e-06
(0,5,0,0) : 2.54195e-03
(0,5,0,1) : 3.06444e-06
(0,5,0,3) : 1.53222e-06
(0,5,1,0) : 2.49752e-04
(0,5,2,0) : 8.12076e-05
(0,5,3,0) : 1.07255e-05
(0,5,4,0) : 6.12888e-06
(0,6,0,0) : 1.02659e-03
(0,6,1,0) : 1.13384e-04
(0,6,2,0) : 2.14511e-05
(0,6,3,0) : 6.12888e-06
(0,6,7,0) : 3.06444e-06
(0,7,0,0) : 3.93780e-04
(0,7,1,0) : 2.75800e-05
(0,7,2,0) : 6.12888e-06
(0,7,3,0) : 3.06444e-06
(0,8,0,0) : 1.28706e-04
(0,8,1,0) : 1.37900e-05
(0,8,2,0) : 7.66110e-06
(0,9,0,0) : 5.05632e-05
(0,9,1,0) : 6.12888e-06
(0,10,0,0) : 2.29833e-05
(0,10,1,0) : 1.53222e-06
(0,11,0,0) : 6.12888e-06
(0,12,0,0) : 1.53222e-06
(1,0,0,0) : 1.18286e-01
(1,0,0,1) : 3.34177e-03
(1,0,0,2) : 5.43938e-04
(1,0,0,3) : 1.14916e-04
(1,0,0,4) : 1.83866e-05
(1,0,0,5) : 9.19332e-06
(1,0,0,6) : 1.53222e-06
(1,0,0,7) : 3.06444e-06
(1,0,1,0) : 2.37525e-02
(1,0,1,1) : 1.80189e-03
(1,0,1,2) : 3.26363e-04
(1,0,1,3) : 5.82243e-05
(1,0,1,4) : 2.29833e-05
(1,0,1,5) : 7.66110e-06
(1,0,1,6) : 1.53222e-06
(1,0,1,7) : 1.53222e-06
(1,0,2,0) : 6.93789e-03
(1,0,2,1) : 7.24740e-04
(1,0,2,2) : 1.42496e-04
(1,0,2,3) : 3.06444e-05
(1,0,2,4) : 7.66110e-06
(1,0,2,5) : 3.06444e-06
(1,0,3,0) : 2.12212e-03
(1,0,3,1) : 2.31365e-04
(1,0,3,2) : 2.14511e-05
(1,0,3,3) : 9.19332e-06
(1,0,3,4) : 1.53222e-06
(1,0,3,5) : 1.53222e-06
(1,0,4,0) : 6.80305e-04
(1,0,4,1) : 6.58854e-05
(1,0,4,2) : 1.37900e-05
(1,0,4,3) : 3.06444e-06
(1,0,5,0) : 2.22172e-04
(1,0,5,1) : 2.45155e-05
(1,0,5,2) : 4.59666e-06
(1,0,6,0) : 7.96754e-05
(1,0,6,1) : 4.59666e-06
(1,0,7,0) : 3.52410e-05
(1,0,7,1) : 1.53222e-06
(1,0,8,0) : 9.19332e-06
(1,0,9,0) : 4.59666e-06
(1,0,10,0) : 1.53222e-06
(1,0,12,0) : 1.53222e-06
(1,0,13,0) : 1.53222e-06
(1,1,0,0) : 3.53223e-02
(1,1,0,1) : 2.05317e-04
(1,1,0,2) : 1.53222e-05
(1,1,0,3) : 1.53222e-06
(1,1,1,0) : 4.09103e-03
(1,1,1,1) : 1.30239e-04
(1,1,1,2) : 1.22578e-05
(1,1,1,3) : 4.59666e-06
(1,1,1,8) : 1.53222e-06
(1,1,2,0) : 1.05417e-03
(1,1,2,1) : 7.04821e-05
(1,1,2,2) : 1.53222e-05
(1,1,3,0) : 3.32492e-04
(1,1,3,1) : 1.99189e-05
(1,1,3,2) : 4.59666e-06
(1,1,4,0) : 9.49976e-05
(1,1,4,1) : 6.12888e-06
(1,1,5,0) : 4.59666e-05
(1,1,6,0) : 1.37900e-05
(1,1,7,0) : 4.59666e-06
(1,1,8,0) : 1.53222e-06
(1,1,8,1) : 1.53222e-06
(1,1,9,0) : 1.53222e-06
(1,2,0,0) : 1.06934e-02
(1,2,0,1) : 2.91122e-05
(1,2,0,2) : 1.53222e-06
(1,2,1,0) : 1.05570e-03
(1,2,1,1) : 1.22578e-05
(1,2,1,2) : 3.06444e-06
(1,2,1,3) : 3.06444e-06
(1,2,2,0) : 2.35962e-04
(1,2,2,1) : 6.12888e-06
(1,2,3,0) : 8.58043e-05
(1,2,3,1) : 1.53222e-06
(1,2,4,0) : 2.75800e-05
(1,2,4,1) : 1.53222e-06
(1,2,5,0) : 1.37900e-05
(1,2,6,0) : 3.06444e-06
(1,2,8,0) : 1.53222e-06
(1,3,0,0) : 3.43677e-03
(1,3,0,1) : 1.37900e-05
(1,3,0,2) : 1.53222e-06
(1,3,1,0) : 3.24831e-04
(1,3,1,1) : 1.53222e-06
(1,3,2,0) : 7.81432e-05
(1,3,3,0) : 1.99189e-05
(1,3,3,1) : 1.53222e-06
(1,3,4,0) : 1.07255e-05
(1,3,5,0) : 3.06444e-06
(1,3,6,0) : 1.53222e-06
(1,3,9,0) : 1.53222e-06
(1,4,0,0) : 1.32384e-03
(1,4,0,1) : 3.06444e-06
(1,4,1,0) : 1.07255e-04
(1,4,2,0) : 2.29833e-05
(1,4,3,2) : 1.53222e-06
(1,4,4,0) : 3.06444e-06
(1,4,4,2) : 1.53222e-06
(1,5,0,0) : 4.90310e-04
(1,5,0,1) : 1.53222e-06
(1,5,1,0) : 4.44344e-05
(1,5,2,0) : 7.66110e-06
(1,5,3,0) : 1.53222e-06
(1,5,4,0) : 1.53222e-06
(1,6,0,0) : 2.23704e-04
(1,6,0,1) : 1.53222e-06
(1,6,1,0) : 1.37900e-05
(1,6,2,0) : 6.12888e-06
(1,6,3,0) : 1.53222e-06
(1,7,0,0) : 7.66110e-05
(1,7,1,0) : 3.06444e-06
(1,7,2,0) : 1.53222e-06
(1,8,0,0) : 3.06444e-05
(1,8,1,0) : 3.06444e-06
(1,9,0,0) : 4.59666e-06
(1,9,1,0) : 1.53222e-06
(1,10,0,0) : 4.59666e-06
(2,0,0,0) : 4.31427e-02
(2,0,0,1) : 1.21965e-03
(2,0,0,2) : 1.89995e-04
(2,0,0,3) : 5.05632e-05
(2,0,0,4) : 9.19332e-06
(2,0,1,0) : 8.24794e-03
(2,0,1,1) : 7.64578e-04
(2,0,1,2) : 1.17981e-04
(2,0,1,3) : 3.06444e-05
(2,0,1,4) : 9.19332e-06
(2,0,1,5) : 1.53222e-06
(2,0,2,0) : 2.19720e-03
(2,0,2,1) : 3.24831e-04
(2,0,2,2) : 7.04821e-05
(2,0,2,3) : 1.37900e-05
(2,0,2,4) : 4.59666e-06
(2,0,2,5) : 3.06444e-06
(2,0,3,0) : 6.72644e-04
(2,0,3,1) : 7.35465e-05
(2,0,3,2) : 2.14511e-05
(2,0,3,3) : 1.53222e-06
(2,0,4,0) : 2.12979e-04
(2,0,4,1) : 3.37088e-05
(2,0,4,2) : 1.53222e-06
(2,0,4,3) : 1.53222e-06
(2,0,5,0) : 7.50788e-05
(2,0,5,1) : 7.66110e-06
(2,0,5,2) : 1.53222e-06
(2,0,6,0) : 2.45155e-05
(2,0,6,1) : 4.59666e-06
(2,0,7,0) : 6.12888e-06
(2,0,7,5) : 1.53222e-06
(2,0,8,0) : 1.53222e-06
(2,0,9,0) : 4.59666e-06
(2,0,10,0) : 1.53222e-06
(2,1,0,0) : 1.32246e-02
(2,1,0,1) : 9.65298e-05
(2,1,0,2) : 4.59666e-06
(2,1,0,3) : 1.53222e-06
(2,1,0,4) : 1.53222e-06
(2,1,1,0) : 1.47553e-03
(2,1,1,1) : 4.44344e-05
(2,1,1,2) : 4.59666e-06
(2,1,1,3) : 1.53222e-06
(2,1,2,0) : 3.67733e-04
(2,1,2,1) : 1.68544e-05
(2,1,2,2) : 4.59666e-06
(2,1,3,0) : 9.19332e-05
(2,1,3,1) : 3.06444e-06
(2,1,3,2) : 3.06444e-06
(2,1,4,0) : 3.21766e-05
(2,1,4,1) : 1.53222e-06
(2,1,5,0) : 1.53222e-05
(2,1,6,0) : 6.12888e-06
(2,2,0,0) : 3.91329e-03
(2,2,0,1) : 1.07255e-05
(2,2,0,2) : 1.53222e-06
(2,2,1,0) : 3.70797e-04
(2,2,1,1) : 1.53222e-06
(2,2,1,2) : 1.53222e-06
(2,2,2,0) : 5.97566e-05
(2,2,2,1) : 1.53222e-06
(2,2,3,0) : 1.37900e-05
(2,2,4,0) : 7.66110e-06
(2,2,5,0) : 3.06444e-06
(2,3,0,0) : 1.24110e-03
(2,3,0,1) : 1.53222e-06
(2,3,1,0) : 1.04191e-04
(2,3,2,0) : 2.45155e-05
(2,3,3,0) : 9.19332e-06
(2,3,4,0) : 1.53222e-06
(2,4,0,0) : 4.04506e-04
(2,4,1,0) : 3.98377e-05
(2,4,2,0) : 6.12888e-06
(2,4,3,0) : 6.12888e-06
(2,5,0,0) : 1.48625e-04
(2,5,0,1) : 1.53222e-06
(2,5,1,0) : 1.53222e-05
(2,5,2,0) : 1.53222e-06
(2,5,2,1) : 1.53222e-06
(2,6,0,0) : 6.43532e-05
(2,6,1,0) : 3.06444e-06
(2,6,2,0) : 1.53222e-06
(2,7,0,0) : 1.53222e-05
(2,7,1,0) : 4.59666e-06
(2,8,0,0) : 9.19332e-06
(2,8,1,0) : 1.53222e-06
(2,9,0,0) : 4.59666e-06
(2,10,0,0) : 1.53222e-06
(2,10,2,0) : 1.53222e-06
(3,0,0,0) : 1.44381e-02
(3,0,0,1) : 3.98377e-04
(3,0,0,2) : 3.67733e-05
(3,0,0,3) : 1.99189e-05
(3,0,0,4) : 1.53222e-06
(3,0,0,5) : 3.06444e-06
(3,0,1,0) : 2.46228e-03
(3,0,1,1) : 2.14511e-04
(3,0,1,2) : 2.75800e-05
(3,0,1,3) : 1.22578e-05
(3,0,1,4) : 3.06444e-06
(3,0,2,0) : 7.27804e-04
(3,0,2,1) : 9.65298e-05
(3,0,2,2) : 1.99189e-05
(3,0,2,3) : 3.06444e-06
(3,0,2,4) : 1.53222e-06
(3,0,2,5) : 1.53222e-06
(3,0,3,0) : 2.19107e-04
(3,0,3,1) : 3.06444e-05
(3,0,3,2) : 1.53222e-06
(3,0,3,3) : 1.53222e-06
(3,0,4,0) : 6.58854e-05
(3,0,4,1) : 3.06444e-06
(3,0,4,2) : 1.53222e-06
(3,0,4,3) : 1.53222e-06
(3,0,5,0) : 1.37900e-05
(3,0,5,1) : 1.53222e-06
(3,0,5,2) : 1.53222e-06
(3,0,6,0) : 4.59666e-06
(3,0,6,1) : 1.53222e-06
(3,0,10,0) : 1.53222e-06
(3,1,0,0) : 4.57980e-03
(3,1,0,1) : 2.91122e-05
(3,1,0,2) : 3.06444e-06
(3,1,0,3) : 1.53222e-06
(3,1,1,0) : 4.97971e-04
(3,1,1,1) : 2.14511e-05
(3,1,1,2) : 1.53222e-06
(3,1,2,0) : 1.40964e-04
(3,1,2,1) : 6.12888e-06
(3,1,2,2) : 1.53222e-06
(3,1,3,0) : 4.13699e-05
(3,1,3,1) : 3.06444e-06
(3,1,3,2) : 3.06444e-06
(3,1,4,0) : 1.53222e-06
(3,1,4,1) : 1.53222e-06
(3,1,5,0) : 7.66110e-06
(3,1,6,0) : 3.06444e-06
(3,1,9,0) : 1.53222e-06
(3,2,0,0) : 1.36521e-03
(3,2,0,1) : 3.06444e-06
(3,2,1,0) : 1.05723e-04
(3,2,1,1) : 3.06444e-06
(3,2,2,0) : 1.83866e-05
(3,2,2,1) : 3.06444e-06
(3,2,2,2) : 1.53222e-06
(3,2,3,0) : 7.66110e-06
(3,2,4,0) : 3.06444e-06
(3,2,5,0) : 1.53222e-06
(3,3,0,0) : 4.13699e-04
(3,3,1,0) : 3.06444e-05
(3,3,2,0) : 7.66110e-06
(3,3,4,0) : 3.06444e-06
(3,4,0,0) : 1.62415e-04
(3,4,1,0) : 1.22578e-05
(3,4,1,1) : 1.53222e-06
(3,4,2,0) : 4.59666e-06
(3,5,0,0) : 5.36277e-05
(3,5,1,0) : 4.59666e-06
(3,6,0,0) : 1.37900e-05
(3,6,1,0) : 4.59666e-06
(3,7,0,0) : 1.53222e-06
(3,8,0,0) : 1.53222e-06
(3,9,0,0) : 3.06444e-06
(3,10,0,0) : 1.53222e-06
(4,0,0,0) : 4.83109e-03
(4,0,0,1) : 1.14916e-04
(4,0,0,2) : 9.19332e-06
(4,0,0,3) : 4.59666e-06
(4,0,1,0) : 7.82964e-04
(4,0,1,1) : 8.27399e-05
(4,0,1,2) : 1.22578e-05
(4,0,1,3) : 1.53222e-06
(4,0,2,0) : 2.40558e-04
(4,0,2,1) : 2.91122e-05
(4,0,2,2) : 7.66110e-06
(4,0,2,3) : 4.59666e-06
(4,0,2,7) : 1.53222e-06
(4,0,3,0) : 6.74177e-05
(4,0,3,1) : 9.19332e-06
(4,0,3,2) : 1.53222e-06
(4,0,3,4) : 1.53222e-06
(4,0,4,0) : 1.53222e-05
(4,0,4,1) : 1.53222e-06
(4,0,4,2) : 1.53222e-06
(4,0,5,0) : 4.59666e-06
(4,0,5,1) : 3.06444e-06
(4,0,6,0) : 1.53222e-06
(4,1,0,0) : 1.64101e-03
(4,1,0,1) : 6.12888e-06
(4,1,0,2) : 1.53222e-06
(4,1,1,0) : 1.70076e-04
(4,1,1,1) : 6.12888e-06
(4,1,1,2) : 1.53222e-06
(4,1,1,5) : 1.53222e-06
(4,1,2,0) : 4.29021e-05
(4,1,2,1) : 1.53222e-06
(4,1,2,2) : 1.53222e-06
(4,1,3,0) : 4.59666e-06
(4,1,3,1) : 1.53222e-06
(4,1,4,0) : 3.06444e-06
(4,2,0,0) : 5.07165e-04
(4,2,0,1) : 1.53222e-06
(4,2,1,0) : 3.67733e-05
(4,2,2,0) : 4.59666e-06
(4,2,3,0) : 1.53222e-06
(4,3,0,0) : 1.60883e-04
(4,3,1,0) : 1.22578e-05
(4,3,3,0) : 1.53222e-06
(4,4,0,0) : 3.83055e-05
(4,4,1,0) : 6.12888e-06
(4,4,2,0) : 1.53222e-06
(4,5,0,0) : 7.66110e-06
(4,5,1,0) : 6.12888e-06
(4,6,0,0) : 1.53222e-06
(4,7,0,0) : 3.06444e-06
(5,0,0,0) : 1.48779e-03
(5,0,0,1) : 4.13699e-05
(5,0,0,2) : 3.06444e-06
(5,0,1,0) : 2.52816e-04
(5,0,1,1) : 2.60477e-05
(5,0,1,2) : 3.06444e-06
(5,0,2,0) : 8.88687e-05
(5,0,2,1) : 9.19332e-06
(5,0,3,0) : 1.83866e-05
(5,0,3,1) : 1.53222e-06
(5,0,3,3) : 1.53222e-06
(5,0,4,0) : 4.59666e-06
(5,0,4,1) : 4.59666e-06
(5,0,5,0) : 1.53222e-06
(5,1,0,0) : 5.73050e-04
(5,1,0,1) : 3.06444e-06
(5,1,1,0) : 7.81432e-05
(5,1,1,1) : 1.53222e-06
(5,1,1,2) : 1.53222e-06
(5,1,2,0) : 1.07255e-05
(5,1,3,0) : 1.53222e-06
(5,1,3,1) : 1.53222e-06
(5,1,5,0) : 1.53222e-06
(5,1,7,0) : 1.53222e-06
(5,2,0,0) : 1.93060e-04
(5,2,1,0) : 1.07255e-05
(5,2,1,1) : 1.53222e-06
(5,2,6,0) : 1.53222e-06
(5,3,0,0) : 5.20955e-05
(5,3,1,0) : 9.19332e-06
(5,3,2,0) : 1.53222e-06
(5,4,0,0) : 6.12888e-06
(5,5,1,0) : 1.53222e-06
(5,6,0,0) : 6.12888e-06
(6,0,0,0) : 5.86840e-04
(6,0,0,1) : 6.12888e-06
(6,0,0,2) : 1.53222e-06
(6,0,1,0) : 7.81432e-05
(6,0,1,1) : 1.07255e-05
(6,0,1,3) : 1.53222e-06
(6,0,2,0) : 2.29833e-05
(6,0,3,0) : 3.06444e-06
(6,0,6,0) : 1.53222e-06
(6,1,0,0) : 2.03785e-04
(6,1,1,0) : 1.83866e-05
(6,1,1,1) : 3.06444e-06
(6,1,2,0) : 4.59666e-06
(6,1,2,1) : 3.06444e-06
(6,2,0,0) : 5.97566e-05
(6,2,1,0) : 4.59666e-06
(6,2,2,0) : 1.53222e-06
(6,2,3,0) : 1.53222e-06
(6,3,0,0) : 1.53222e-05
(6,3,1,0) : 7.66110e-06
(6,4,0,0) : 7.66110e-06
(7,0,0,0) : 1.68544e-04
(7,0,0,1) : 1.53222e-06
(7,0,0,2) : 1.53222e-06
(7,0,1,0) : 2.75800e-05
(7,0,1,1) : 1.53222e-06
(7,0,2,0) : 4.59666e-06
(7,1,0,0) : 7.96754e-05
(7,1,0,1) : 1.53222e-06
(7,1,1,0) : 1.07255e-05
(7,2,0,0) : 2.29833e-05
(7,2,1,0) : 3.06444e-06
(7,3,0,0) : 9.19332e-06
(7,4,0,0) : 3.06444e-06
(8,0,0,0) : 4.13699e-05
(8,0,0,1) : 3.06444e-06
(8,0,1,0) : 1.37900e-05
(8,0,1,1) : 3.06444e-06
(8,0,2,0) : 1.53222e-06
(8,0,3,0) : 1.53222e-06
(8,1,0,0) : 1.83866e-05
(8,1,1,0) : 1.53222e-06
(8,1,2,0) : 1.53222e-06
(8,2,0,0) : 1.22578e-05
(8,3,0,0) : 1.53222e-06
(9,0,0,0) : 1.68544e-05
(9,0,1,0) : 7.66110e-06
(9,1,0,0) : 9.19332e-06
(9,1,1,0) : 1.53222e-06
(9,3,0,0) : 1.53222e-06
(10,0,1,0) : 1.53222e-06
(10,1,0,0) : 4.59666e-06
(10,1,1,0) : 1.53222e-06
(10,1,1,1) : 1.53222e-06
(10,3,0,0) : 1.53222e-06
(11,1,0,0) : 1.53222e-06
(11,2,0,0) : 1.53222e-06
