(0,0,0,0) : 3.06321e-02
(0,0,0,1) : 1.04191e-03
(0,0,0,2) : 3.43217e-04
(0,0,0,3) : 1.10320e-04
(0,0,0,4) : 4.90310e-05
(0,0,0,5) : 1.22578e-05
(0,0,0,6) : 1.22578e-05
(0,0,0,7) : 1.22578e-05
(0,0,1,0) : 1.54019e-02
(0,0,1,1) : 1.15836e-03
(0,0,1,2) : 3.73862e-04
(0,0,1,3) : 1.65480e-04
(0,0,1,4) : 8.58043e-05
(0,0,1,5) : 4.29021e-05
(0,0,1,6) : 6.12888e-06
(0,0,1,7) : 1.22578e-05
(0,0,1,8) : 6.12888e-06
(0,0,1,14) : 6.12888e-06
(0,0,2,0) : 1.03149e-02
(0,0,2,1) : 8.45785e-04
(0,0,2,2) : 2.69671e-04
(0,0,2,3) : 1.59351e-04
(0,0,2,4) : 6.74177e-05
(0,0,2,5) : 4.90310e-05
(0,0,2,6) : 1.22578e-05
(0,0,2,8) : 1.22578e-05
(0,0,2,9) : 6.12888e-06
(0,0,3,0) : 6.94402e-03
(0,0,3,1) : 7.35465e-04
(0,0,3,2) : 2.20640e-04
(0,0,3,3) : 8.58043e-05
(0,0,3,4) : 3.06444e-05
(0,0,3,5) : 1.22578e-05
(0,0,3,6) : 2.45155e-05
(0,0,3,12) : 6.12888e-06
(0,0,4,0) : 4.24731e-03
(0,0,4,1) : 4.29021e-04
(0,0,4,2) : 1.34835e-04
(0,0,4,3) : 5.51599e-05
(0,0,4,4) : 3.06444e-05
(0,0,4,5) : 2.45155e-05
(0,0,4,8) : 6.12888e-06
(0,0,4,9) : 6.12888e-06
(0,0,4,12) : 6.12888e-06
(0,0,4,13) : 6.12888e-06
(0,0,5,0) : 2.55574e-03
(0,0,5,1) : 1.77737e-04
(0,0,5,2) : 6.74177e-05
(0,0,5,3) : 1.83866e-05
(0,0,5,4) : 1.22578e-05
(0,0,6,0) : 1.76512e-03
(0,0,6,1) : 1.40964e-04
(0,0,6,2) : 3.06444e-05
(0,0,6,3) : 6.12888e-06
(0,0,6,4) : 1.22578e-05
(0,0,7,0) : 1.01739e-03
(0,0,7,1) : 7.35465e-05
(0,0,7,2) : 6.12888e-06
(0,0,7,3) : 6.12888e-06
(0,0,8,0) : 6.06759e-04
(0,0,8,1) : 1.83866e-05
(0,0,8,2) : 1.22578e-05
(0,0,9,0) : 3.92248e-04
(0,0,9,1) : 3.67733e-05
(0,0,9,2) : 6.12888e-06
(0,0,9,3) : 6.12888e-06
(0,0,10,0) : 3.30959e-04
(0,0,10,1) : 1.83866e-05
(0,0,11,0) : 2.02253e-04
(0,0,11,1) : 1.22578e-05
(0,0,12,0) : 7.96754e-05
(0,0,12,1) : 1.83866e-05
(0,0,13,0) : 6.74177e-05
(0,0,13,1) : 6.12888e-06
(0,0,14,0) : 1.22578e-05
(0,0,14,1) : 6.12888e-06
(0,0,15,0) : 1.83866e-05
(0,0,15,1) : 6.12888e-06
(0,0,16,0) : 1.83866e-05
(0,0,18,0) : 1.22578e-05
(0,0,18,1) : 6.12888e-06
(0,0,19,0) : 1.22578e-05
(0,0,21,0) : 1.22578e-05
(0,0,31,0) : 6.12888e-06
(0,1,0,0) : 3.20173e-02
(0,1,0,1) : 1.10320e-04
(0,1,0,2) : 1.83866e-05
(0,1,0,3) : 6.12888e-06
(0,1,0,4) : 1.83866e-05
(0,1,1,0) : 1.16878e-02
(0,1,1,1) : 1.77737e-04
(0,1,1,2) : 4.29021e-05
(0,1,1,3) : 1.83866e-05
(0,1,1,4) : 1.22578e-05
(0,1,2,0) : 7.61207e-03
(0,1,2,1) : 1.40964e-04
(0,1,2,2) : 4.29021e-05
(0,1,2,3) : 3.06444e-05
(0,1,2,4) : 6.12888e-06
(0,1,2,5) : 6.12888e-06
(0,1,3,0) : 5.36890e-03
(0,1,3,1) : 1.40964e-04
(0,1,3,2) : 6.12888e-06
(0,1,3,6) : 6.12888e-06
(0,1,4,0) : 3.40153e-03
(0,1,4,1) : 6.74177e-05
(0,1,4,2) : 3.06444e-05
(0,1,4,3) : 1.22578e-05
(0,1,5,0) : 2.45155e-03
(0,1,5,1) : 3.06444e-05
(0,1,5,2) : 1.22578e-05
(0,1,6,0) : 1.64254e-03
(0,1,6,1) : 1.83866e-05
(0,1,6,2) : 6.12888e-06
(0,1,6,4) : 6.12888e-06
(0,1,7,0) : 1.01126e-03
(0,1,7,1) : 4.29021e-05
(0,1,7,3) : 6.12888e-06
(0,1,7,5) : 6.12888e-06
(0,1,8,0) : 5.88372e-04
(0,1,8,1) : 2.45155e-05
(0,1,9,0) : 3.24831e-04
(0,1,9,1) : 6.12888e-06
(0,1,10,0) : 2.02253e-04
(0,1,10,1) : 6.12888e-06
(0,1,11,0) : 1.65480e-04
(0,1,12,0) : 7.35465e-05
(0,1,13,0) : 7.96754e-05
(0,1,13,1) : 6.12888e-06
(0,1,14,0) : 6.12888e-05
(0,1,15,0) : 1.83866e-05
(0,1,16,0) : 1.22578e-05
(0,1,17,0) : 6.12888e-06
(0,1,18,0) : 1.22578e-05
(0,1,19,0) : 6.12888e-06
(0,1,20,0) : 6.12888e-06
(0,1,24,0) : 6.12888e-06
(0,1,25,0) : 6.12888e-06
(0,2,0,0) : 2.85544e-02
(0,2,0,1) : 3.06444e-05
(0,2,0,4) : 6.12888e-06
(0,2,1,0) : 8.53140e-03
(0,2,1,1) : 5.51599e-05
(0,2,2,0) : 5.14826e-03
(0,2,2,1) : 5.51599e-05
(0,2,2,2) : 1.22578e-05
(0,2,3,0) : 3.37701e-03
(0,2,3,1) : 4.29021e-05
(0,2,3,2) : 1.22578e-05
(0,2,4,0) : 2.68445e-03
(0,2,4,1) : 6.12888e-06
(0,2,5,0) : 1.61189e-03
(0,2,5,1) : 1.83866e-05
(0,2,5,2) : 6.12888e-06
(0,2,5,4) : 6.12888e-06
(0,2,6,0) : 1.16449e-03
(0,2,6,1) : 2.45155e-05
(0,2,7,0) : 8.51914e-04
(0,2,7,1) : 1.22578e-05
(0,2,7,3) : 6.12888e-06
(0,2,8,0) : 5.63857e-04
(0,2,9,0) : 2.39026e-04
(0,2,9,1) : 1.22578e-05
(0,2,10,0) : 2.14511e-04
(0,2,10,2) : 6.12888e-06
(0,2,11,0) : 1.22578e-04
(0,2,12,0) : 9.19332e-05
(0,2,12,3) : 6.12888e-06
(0,2,13,0) : 6.12888e-05
(0,2,14,0) : 2.45155e-05
(0,2,15,0) : 2.45155e-05
(0,2,16,0) : 1.22578e-05
(0,2,17,0) : 1.22578e-05
(0,2,18,0) : 6.12888e-06
(0,2,25,0) : 6.12888e-06
(0,2,26,0) : 6.12888e-06
(0,3,0,0) : 2.18311e-02
(0,3,0,1) : 6.12888e-06
(0,3,1,0) : 6.72951e-03
(0,3,1,1) : 1.22578e-05
(0,3,1,2) : 6.12888e-06
(0,3,2,0) : 3.33411e-03
(0,3,2,1) : 6.12888e-06
(0,3,3,0) : 2.24930e-03
(0,3,3,1) : 6.12888e-06
(0,3,4,0) : 1.42190e-03
(0,3,5,0) : 8.82558e-04
(0,3,5,1) : 1.22578e-05
(0,3,6,0) : 6.98692e-04
(0,3,7,0) : 5.02568e-04
(0,3,8,0) : 2.75800e-04
(0,3,9,0) : 2.32897e-04
(0,3,10,0) : 1.59351e-04
(0,3,10,1) : 6.12888e-06
(0,3,11,0) : 1.04191e-04
(0,3,12,0) : 5.51599e-05
(0,3,12,2) : 6.12888e-06
(0,3,13,0) : 2.45155e-05
(0,3,14,0) : 1.83866e-05
(0,3,15,0) : 1.83866e-05
(0,3,16,0) : 6.12888e-06
(0,3,18,0) : 6.12888e-06
(0,3,40,0) : 6.12888e-06
(0,3,49,0) : 6.12888e-06
(0,4,0,0) : 1.77125e-02
(0,4,0,1) : 6.12888e-06
(0,4,1,0) : 4.84181e-03
(0,4,1,1) : 1.22578e-05
(0,4,2,0) : 2.29833e-03
(0,4,3,0) : 1.41577e-03
(0,4,3,1) : 6.12888e-06
(0,4,4,0) : 9.43847e-04
(0,4,4,1) : 6.12888e-06
(0,4,5,0) : 6.06759e-04
(0,4,5,1) : 6.12888e-06
(0,4,6,0) : 4.22893e-04
(0,4,7,0) : 2.45155e-04
(0,4,8,0) : 2.14511e-04
(0,4,8,1) : 6.12888e-06
(0,4,9,0) : 1.47093e-04
(0,4,10,0) : 1.16449e-04
(0,4,11,0) : 4.90310e-05
(0,4,12,0) : 4.90310e-05
(0,4,13,0) : 1.83866e-05
(0,4,14,0) : 1.83866e-05
(0,4,15,0) : 1.83866e-05
(0,4,16,0) : 2.45155e-05
(0,4,17,0) : 6.12888e-06
(0,4,18,0) : 6.12888e-06
(0,4,19,0) : 6.12888e-06
(0,4,22,0) : 6.12888e-06
(0,4,43,0) : 6.12888e-06
(0,5,0,0) : 1.31832e-02
(0,5,0,1) : 1.83866e-05
(0,5,1,0) : 3.24831e-03
(0,5,1,2) : 6.12888e-06
(0,5,2,0) : 1.39738e-03
(0,5,2,1) : 6.12888e-06
(0,5,3,0) : 8.15141e-04
(0,5,4,0) : 7.04821e-04
(0,5,5,0) : 3.18702e-04
(0,5,6,0) : 2.20640e-04
(0,5,6,1) : 6.12888e-06
(0,5,7,0) : 1.28706e-04
(0,5,8,0) : 1.10320e-04
(0,5,9,0) : 7.35465e-05
(0,5,10,0) : 8.58043e-05
(0,5,11,0) : 1.83866e-05
(0,5,12,0) : 4.29021e-05
(0,5,13,0) : 1.22578e-05
(0,5,14,0) : 1.83866e-05
(0,5,18,0) : 1.83866e-05
(0,6,0,0) : 9.86136e-03
(0,6,1,0) : 2.42091e-03
(0,6,1,1) : 6.12888e-06
(0,6,2,0) : 1.01126e-03
(0,6,3,0) : 6.43532e-04
(0,6,4,0) : 3.49346e-04
(0,6,5,0) : 2.02253e-04
(0,6,5,1) : 6.12888e-06
(0,6,6,0) : 1.47093e-04
(0,6,7,0) : 6.74177e-05
(0,6,8,0) : 1.16449e-04
(0,6,9,0) : 5.51599e-05
(0,6,10,0) : 6.12888e-06
(0,6,11,0) : 1.83866e-05
(0,6,12,0) : 6.12888e-06
(0,6,13,0) : 6.12888e-06
(0,6,14,0) : 1.22578e-05
(0,7,0,0) : 7.37917e-03
(0,7,0,1) : 6.12888e-06
(0,7,1,0) : 1.70996e-03
(0,7,1,1) : 6.12888e-06
(0,7,2,0) : 5.45470e-04
(0,7,2,1) : 6.12888e-06
(0,7,3,0) : 4.04506e-04
(0,7,4,0) : 3.37088e-04
(0,7,5,0) : 1.53222e-04
(0,7,6,0) : 9.19332e-05
(0,7,7,0) : 4.90310e-05
(0,7,8,0) : 3.67733e-05
(0,7,9,0) : 1.83866e-05
(0,7,10,0) : 3.06444e-05
(0,7,11,0) : 6.12888e-06
(0,7,12,0) : 6.12888e-06
(0,7,14,0) : 6.12888e-06
(0,7,16,0) : 1.22578e-05
(0,7,17,0) : 6.12888e-06
(0,8,0,0) : 4.93988e-03
(0,8,1,0) : 1.20126e-03
(0,8,2,0) : 5.02568e-04
(0,8,3,0) : 2.45155e-04
(0,8,4,0) : 6.74177e-05
(0,8,5,0) : 8.58043e-05
(0,8,6,0) : 6.12888e-05
(0,8,7,0) : 4.29021e-05
(0,8,8,0) : 2.45155e-05
(0,8,9,0) : 6.12888e-06
(0,8,10,0) : 6.12888e-06
(0,8,11,0) : 6.12888e-06
(0,8,28,0) : 6.12888e-06
(0,9,0,0) : 3.48733e-03
(0,9,0,1) : 6.12888e-06
(0,9,1,0) : 8.09012e-04
(0,9,2,0) : 3.06444e-04
(0,9,3,0) : 1.77737e-04
(0,9,4,0) : 1.22578e-04
(0,9,5,0) : 6.12888e-05
(0,9,6,0) : 4.90310e-05
(0,9,7,0) : 4.29021e-05
(0,9,8,0) : 2.45155e-05
(0,9,9,0) : 1.83866e-05
(0,9,10,0) : 6.12888e-06
(0,9,16,0) : 6.12888e-06
(0,10,0,0) : 2.52510e-03
(0,10,0,1) : 6.12888e-06
(0,10,1,0) : 6.00630e-04
(0,10,2,0) : 2.26768e-04
(0,10,3,0) : 7.96754e-05
(0,10,4,0) : 5.51599e-05
(0,10,5,0) : 1.22578e-05
(0,10,6,0) : 3.67733e-05
(0,10,7,0) : 6.12888e-06
(0,10,8,0) : 3.67733e-05
(0,11,0,0) : 1.76512e-03
(0,11,1,0) : 3.06444e-04
(0,11,2,0) : 1.40964e-04
(0,11,2,1) : 1.22578e-05
(0,11,3,0) : 4.29021e-05
(0,11,4,0) : 3.67733e-05
(0,11,5,0) : 1.22578e-05
(0,11,6,0) : 6.12888e-06
(0,11,7,0) : 6.12888e-06
(0,11,9,0) : 6.12888e-06
(0,11,11,0) : 6.12888e-06
(0,12,0,0) : 1.15836e-03
(0,12,1,0) : 2.69671e-04
(0,12,2,0) : 1.10320e-04
(0,12,3,0) : 2.45155e-05
(0,12,4,0) : 2.45155e-05
(0,12,5,0) : 4.29021e-05
(0,12,6,0) : 6.12888e-06
(0,12,7,0) : 6.12888e-06
(0,12,9,0) : 6.12888e-06
(0,13,0,0) : 8.82558e-04
(0,13,1,0) : 1.53222e-04
(0,13,2,0) : 7.35465e-05
(0,13,3,0) : 4.90310e-05
(0,13,4,0) : 1.83866e-05
(0,13,5,0) : 1.83866e-05
(0,13,6,0) : 6.12888e-06
(0,13,7,0) : 6.12888e-06
(0,13,9,0) : 6.12888e-06
(0,14,0,0) : 5.14826e-04
(0,14,1,0) : 1.28706e-04
(0,14,2,0) : 4.90310e-05
(0,14,3,0) : 4.90310e-05
(0,14,4,0) : 1.83866e-05
(0,14,4,1) : 6.12888e-06
(0,14,5,0) : 2.45155e-05
(0,14,6,0) : 1.22578e-05
(0,14,7,0) : 1.83866e-05
(0,15,0,0) : 3.98377e-04
(0,15,1,0) : 9.19332e-05
(0,15,2,0) : 4.29021e-05
(0,15,3,0) : 1.22578e-05
(0,15,4,0) : 6.12888e-06
(0,15,5,0) : 6.12888e-06
(0,16,0,0) : 2.26768e-04
(0,16,0,3) : 6.12888e-06
(0,16,1,0) : 5.51599e-05
(0,16,2,0) : 1.83866e-05
(0,16,3,0) : 1.22578e-05
(0,16,4,0) : 6.12888e-06
(0,16,5,0) : 6.12888e-06
(0,17,0,0) : 2.08382e-04
(0,17,1,0) : 6.12888e-05
(0,17,2,0) : 2.45155e-05
(0,17,3,0) : 6.12888e-06
(0,17,5,0) : 6.12888e-06
(0,17,7,0) : 1.22578e-05
(0,18,0,0) : 1.40964e-04
(0,18,1,0) : 3.67733e-05
(0,18,3,0) : 6.12888e-06
(0,19,0,0) : 1.28706e-04
(0,19,1,0) : 1.22578e-05
(0,19,2,0) : 1.22578e-05
(0,19,3,0) : 6.12888e-06
(0,19,4,0) : 1.22578e-05
(0,20,0,0) : 6.74177e-05
(0,20,1,0) : 1.83866e-05
(0,20,3,0) : 6.12888e-06
(0,21,0,0) : 7.35465e-05
(0,21,1,0) : 6.12888e-06
(0,21,2,0) : 6.12888e-06
(0,21,7,0) : 6.12888e-06
(0,22,0,0) : 3.67733e-05
(0,22,1,0) : 6.12888e-06
(0,23,0,0) : 1.22578e-05
(0,23,3,0) : 6.12888e-06
(0,23,4,0) : 6.12888e-06
(0,24,0,0) : 6.12888e-06
(0,24,2,0) : 1.22578e-05
(0,25,0,0) : 1.22578e-05
(0,25,3,0) : 6.12888e-06
(0,27,0,0) : 1.83866e-05
(1,0,0,0) : 2.56555e-02
(1,0,0,1) : 1.35448e-03
(1,0,0,2) : 3.73862e-04
(1,0,0,3) : 2.08382e-04
(1,0,0,4) : 7.96754e-05
(1,0,0,5) : 3.06444e-05
(1,0,0,6) : 1.22578e-05
(1,0,0,7) : 1.83866e-05
(1,0,0,8) : 6.12888e-06
(1,0,1,0) : 1.27726e-02
(1,0,1,1) : 1.72834e-03
(1,0,1,2) : 6.49661e-04
(1,0,1,3) : 3.24831e-04
(1,0,1,4) : 1.28706e-04
(1,0,1,5) : 7.96754e-05
(1,0,1,6) : 4.29021e-05
(1,0,1,7) : 1.22578e-05
(1,0,1,8) : 6.12888e-06
(1,0,1,10) : 6.12888e-06
(1,0,1,15) : 6.12888e-06
(1,0,2,0) : 8.37205e-03
(1,0,2,1) : 1.61802e-03
(1,0,2,2) : 4.65795e-04
(1,0,2,3) : 2.69671e-04
(1,0,2,4) : 1.10320e-04
(1,0,2,5) : 3.67733e-05
(1,0,2,6) : 4.29021e-05
(1,0,2,8) : 6.12888e-06
(1,0,3,0) : 5.41793e-03
(1,0,3,1) : 1.08481e-03
(1,0,3,2) : 4.41279e-04
(1,0,3,3) : 1.40964e-04
(1,0,3,4) : 6.74177e-05
(1,0,3,5) : 3.67733e-05
(1,0,3,6) : 3.06444e-05
(1,0,3,7) : 1.83866e-05
(1,0,3,8) : 1.22578e-05
(1,0,3,9) : 1.22578e-05
(1,0,3,11) : 6.12888e-06
(1,0,4,0) : 3.60991e-03
(1,0,4,1) : 6.74177e-04
(1,0,4,2) : 2.51284e-04
(1,0,4,3) : 7.35465e-05
(1,0,4,4) : 4.29021e-05
(1,0,4,5) : 1.22578e-05
(1,0,4,6) : 1.83866e-05
(1,0,4,7) : 6.12888e-06
(1,0,5,0) : 2.10833e-03
(1,0,5,1) : 3.24831e-04
(1,0,5,2) : 1.10320e-04
(1,0,5,3) : 6.12888e-05
(1,0,5,4) : 2.45155e-05
(1,0,5,5) : 2.45155e-05
(1,0,5,7) : 6.12888e-06
(1,0,6,0) : 1.26868e-03
(1,0,6,1) : 2.20640e-04
(1,0,6,2) : 9.19332e-05
(1,0,6,3) : 2.45155e-05
(1,0,6,5) : 6.12888e-06
(1,0,7,0) : 7.29336e-04
(1,0,7,1) : 1.53222e-04
(1,0,7,2) : 4.29021e-05
(1,0,7,3) : 6.12888e-06
(1,0,7,4) : 1.22578e-05
(1,0,8,0) : 5.14826e-04
(1,0,8,1) : 8.58043e-05
(1,0,8,2) : 3.67733e-05
(1,0,8,3) : 1.22578e-05
(1,0,8,4) : 6.12888e-06
(1,0,8,5) : 6.12888e-06
(1,0,9,0) : 2.63542e-04
(1,0,9,1) : 7.35465e-05
(1,0,9,2) : 3.67733e-05
(1,0,9,3) : 2.45155e-05
(1,0,10,0) : 1.34835e-04
(1,0,10,2) : 1.22578e-05
(1,0,11,0) : 1.10320e-04
(1,0,11,1) : 1.83866e-05
(1,0,11,2) : 6.12888e-06
(1,0,12,0) : 7.35465e-05
(1,0,12,1) : 6.12888e-06
(1,0,12,2) : 1.22578e-05
(1,0,13,0) : 5.51599e-05
(1,0,13,1) : 3.06444e-05
(1,0,13,2) : 1.22578e-05
(1,0,14,0) : 3.67733e-05
(1,0,14,1) : 6.12888e-06
(1,0,15,0) : 2.45155e-05
(1,0,15,1) : 6.12888e-06
(1,0,16,0) : 1.22578e-05
(1,0,16,3) : 6.12888e-06
(1,0,17,1) : 6.12888e-06
(1,0,18,0) : 6.12888e-06
(1,0,19,0) : 1.22578e-05
(1,1,0,0) : 2.02988e-02
(1,1,0,1) : 1.65480e-04
(1,1,0,2) : 3.06444e-05
(1,1,0,3) : 1.83866e-05
(1,1,0,6) : 6.12888e-06
(1,1,1,0) : 6.09210e-03
(1,1,1,1) : 3.18702e-04
(1,1,1,2) : 1.22578e-04
(1,1,1,3) : 3.67733e-05
(1,1,1,4) : 3.67733e-05
(1,1,1,5) : 6.12888e-06
(1,1,1,6) : 6.12888e-06
(1,1,1,7) : 1.83866e-05
(1,1,2,0) : 3.61604e-03
(1,1,2,1) : 2.75800e-04
(1,1,2,2) : 4.90310e-05
(1,1,2,3) : 4.29021e-05
(1,1,2,4) : 1.22578e-05
(1,1,2,8) : 6.12888e-06
(1,1,3,0) : 2.15124e-03
(1,1,3,1) : 2.32897e-04
(1,1,3,2) : 5.51599e-05
(1,1,3,3) : 4.29021e-05
(1,1,3,4) : 1.83866e-05
(1,1,3,5) : 1.22578e-05
(1,1,3,8) : 6.12888e-06
(1,1,4,0) : 1.39126e-03
(1,1,4,1) : 2.45155e-04
(1,1,4,2) : 6.74177e-05
(1,1,4,3) : 1.83866e-05
(1,1,4,4) : 6.12888e-06
(1,1,4,6) : 6.12888e-06
(1,1,5,0) : 9.68363e-04
(1,1,5,1) : 9.19332e-05
(1,1,5,2) : 3.06444e-05
(1,1,5,5) : 1.22578e-05
(1,1,6,0) : 5.76115e-04
(1,1,6,1) : 7.35465e-05
(1,1,6,2) : 2.45155e-05
(1,1,6,3) : 6.12888e-06
(1,1,7,0) : 3.61604e-04
(1,1,7,1) : 4.29021e-05
(1,1,7,2) : 1.83866e-05
(1,1,7,4) : 6.12888e-06
(1,1,7,7) : 6.12888e-06
(1,1,8,0) : 2.81928e-04
(1,1,8,1) : 3.67733e-05
(1,1,9,0) : 1.53222e-04
(1,1,9,1) : 3.06444e-05
(1,1,9,2) : 1.83866e-05
(1,1,10,0) : 1.10320e-04
(1,1,10,1) : 2.45155e-05
(1,1,11,0) : 4.90310e-05
(1,1,11,1) : 6.12888e-06
(1,1,11,4) : 6.12888e-06
(1,1,12,0) : 7.96754e-05
(1,1,13,0) : 4.29021e-05
(1,1,14,0) : 6.12888e-06
(1,1,15,0) : 6.12888e-06
(1,1,16,0) : 1.22578e-05
(1,1,19,1) : 6.12888e-06
(1,1,20,0) : 6.12888e-06
(1,2,0,0) : 1.43661e-02
(1,2,0,1) : 4.29021e-05
(1,2,0,2) : 1.83866e-05
(1,2,0,6) : 6.12888e-06
(1,2,1,0) : 3.56701e-03
(1,2,1,1) : 9.80620e-05
(1,2,1,2) : 6.12888e-06
(1,2,1,8) : 6.12888e-06
(1,2,2,0) : 1.87544e-03
(1,2,2,1) : 7.35465e-05
(1,2,2,2) : 2.45155e-05
(1,2,2,3) : 6.12888e-06
(1,2,3,0) : 1.07255e-03
(1,2,3,1) : 7.96754e-05
(1,2,3,2) : 1.22578e-05
(1,2,3,3) : 6.12888e-06
(1,2,4,0) : 7.78368e-04
(1,2,4,1) : 2.45155e-05
(1,2,4,2) : 6.12888e-06
(1,2,5,0) : 4.96439e-04
(1,2,5,1) : 1.22578e-05
(1,2,5,2) : 1.22578e-05
(1,2,5,3) : 6.12888e-06
(1,2,5,4) : 6.12888e-06
(1,2,6,0) : 3.55475e-04
(1,2,6,1) : 3.06444e-05
(1,2,6,2) : 6.12888e-06
(1,2,6,4) : 6.12888e-06
(1,2,7,0) : 1.53222e-04
(1,2,7,1) : 2.45155e-05
(1,2,7,2) : 6.12888e-06
(1,2,8,0) : 1.28706e-04
(1,2,9,0) : 1.10320e-04
(1,2,9,1) : 6.12888e-06
(1,2,9,2) : 6.12888e-06
(1,2,10,0) : 5.51599e-05
(1,2,10,1) : 1.22578e-05
(1,2,11,0) : 1.83866e-05
(1,2,11,2) : 6.12888e-06
(1,2,12,0) : 1.22578e-05
(1,2,12,1) : 6.12888e-06
(1,2,13,0) : 2.45155e-05
(1,2,14,0) : 1.22578e-05
(1,2,15,0) : 1.22578e-05
(1,2,16,0) : 6.12888e-06
(1,2,17,0) : 1.22578e-05
(1,3,0,0) : 9.24235e-03
(1,3,1,0) : 2.21865e-03
(1,3,1,1) : 1.83866e-05
(1,3,1,4) : 6.12888e-06
(1,3,2,0) : 1.04191e-03
(1,3,2,1) : 1.83866e-05
(1,3,3,0) : 6.98692e-04
(1,3,3,1) : 3.67733e-05
(1,3,3,2) : 1.22578e-05
(1,3,4,0) : 3.30959e-04
(1,3,4,1) : 1.83866e-05
(1,3,4,2) : 6.12888e-06
(1,3,5,0) : 1.83866e-04
(1,3,5,1) : 1.22578e-05
(1,3,5,3) : 6.12888e-06
(1,3,6,0) : 2.20640e-04
(1,3,6,1) : 6.12888e-06
(1,3,7,0) : 1.53222e-04
(1,3,7,1) : 1.22578e-05
(1,3,8,0) : 7.35465e-05
(1,3,8,2) : 6.12888e-06
(1,3,9,0) : 5.51599e-05
(1,3,9,1) : 6.12888e-06
(1,3,10,0) : 3.06444e-05
(1,3,11,0) : 2.45155e-05
(1,3,12,0) : 4.90310e-05
(1,3,13,0) : 6.12888e-06
(1,3,14,0) : 6.12888e-06
(1,3,16,0) : 6.12888e-06
(1,3,17,0) : 6.12888e-06
(1,3,20,0) : 6.12888e-06
(1,4,0,0) : 6.64983e-03
(1,4,0,1) : 3.06444e-05
(1,4,1,0) : 1.61189e-03
(1,4,1,1) : 1.83866e-05
(1,4,2,0) : 6.25146e-04
(1,4,2,1) : 6.12888e-06
(1,4,3,0) : 3.73862e-04
(1,4,3,1) : 6.12888e-06
(1,4,4,0) : 2.08382e-04
(1,4,5,0) : 1.40964e-04
(1,4,5,1) : 6.12888e-06
(1,4,6,0) : 8.58043e-05
(1,4,6,1) : 6.12888e-06
(1,4,7,0) : 6.12888e-05
(1,4,8,0) : 3.67733e-05
(1,4,9,0) : 3.06444e-05
(1,4,10,0) : 1.22578e-05
(1,4,11,0) : 6.12888e-06
(1,4,11,1) : 6.12888e-06
(1,4,12,0) : 1.22578e-05
(1,4,13,0) : 1.22578e-05
(1,4,14,0) : 6.12888e-06
(1,5,0,0) : 4.58440e-03
(1,5,0,1) : 6.12888e-06
(1,5,0,2) : 6.12888e-06
(1,5,1,0) : 1.10320e-03
(1,5,1,1) : 1.22578e-05
(1,5,2,0) : 3.79990e-04
(1,5,2,2) : 6.12888e-06
(1,5,3,0) : 2.20640e-04
(1,5,4,0) : 1.16449e-04
(1,5,4,2) : 1.22578e-05
(1,5,5,0) : 1.16449e-04
(1,5,6,0) : 6.74177e-05
(1,5,7,0) : 1.83866e-05
(1,5,8,0) : 2.45155e-05
(1,5,8,1) : 6.12888e-06
(1,5,9,0) : 1.83866e-05
(1,5,10,0) : 1.83866e-05
(1,5,11,0) : 1.22578e-05
(1,5,12,0) : 6.12888e-06
(1,6,0,0) : 3.21766e-03
(1,6,1,0) : 7.59981e-04
(1,6,1,5) : 6.12888e-06
(1,6,2,0) : 3.49346e-04
(1,6,3,0) : 1.71609e-04
(1,6,3,1) : 6.12888e-06
(1,6,4,0) : 7.35465e-05
(1,6,5,0) : 5.51599e-05
(1,6,6,0) : 2.45155e-05
(1,6,6,1) : 6.12888e-06
(1,6,7,0) : 3.06444e-05
(1,6,8,0) : 2.45155e-05
(1,6,12,0) : 6.12888e-06
(1,6,13,0) : 6.12888e-06
(1,6,15,0) : 6.12888e-06
(1,7,0,0) : 2.13898e-03
(1,7,0,1) : 1.22578e-05
(1,7,1,0) : 4.96439e-04
(1,7,1,1) : 1.83866e-05
(1,7,2,0) : 2.02253e-04
(1,7,2,1) : 6.12888e-06
(1,7,3,0) : 6.74177e-05
(1,7,4,0) : 4.29021e-05
(1,7,4,1) : 6.12888e-06
(1,7,5,0) : 4.29021e-05
(1,7,5,1) : 1.22578e-05
(1,7,6,0) : 3.06444e-05
(1,7,8,0) : 1.22578e-05
(1,7,10,0) : 6.12888e-06
(1,7,12,0) : 1.22578e-05
(1,7,13,0) : 6.12888e-06
(1,8,0,0) : 1.30545e-03
(1,8,1,0) : 3.00315e-04
(1,8,2,0) : 1.34835e-04
(1,8,3,0) : 7.35465e-05
(1,8,4,0) : 4.29021e-05
(1,8,5,0) : 6.12888e-06
(1,8,6,0) : 3.67733e-05
(1,8,7,0) : 1.22578e-05
(1,8,8,0) : 6.12888e-06
(1,8,11,0) : 6.12888e-06
(1,9,0,0) : 1.01739e-03
(1,9,1,0) : 2.45155e-04
(1,9,2,0) : 6.12888e-05
(1,9,3,0) : 3.67733e-05
(1,9,4,0) : 1.83866e-05
(1,9,5,0) : 6.12888e-06
(1,9,5,2) : 6.12888e-06
(1,9,6,0) : 1.22578e-05
(1,9,7,2) : 6.12888e-06
(1,9,8,0) : 6.12888e-06
(1,9,9,1) : 6.12888e-06
(1,9,10,0) : 6.12888e-06
(1,9,12,0) : 6.12888e-06
(1,9,13,0) : 6.12888e-06
(1,9,26,0) : 6.12888e-06
(1,10,0,0) : 7.35465e-04
(1,10,0,1) : 6.12888e-06
(1,10,1,0) : 1.65480e-04
(1,10,2,0) : 5.51599e-05
(1,10,3,0) : 6.12888e-06
(1,10,4,0) : 6.12888e-06
(1,10,5,0) : 1.22578e-05
(1,11,0,0) : 5.57728e-04
(1,11,1,0) : 9.19332e-05
(1,11,2,0) : 4.90310e-05
(1,11,3,0) : 1.83866e-05
(1,11,4,0) : 3.06444e-05
(1,11,5,0) : 6.12888e-06
(1,12,0,0) : 3.55475e-04
(1,12,1,0) : 5.51599e-05
(1,12,2,0) : 6.12888e-06
(1,12,3,0) : 2.45155e-05
(1,12,4,0) : 6.12888e-06
(1,12,5,0) : 6.12888e-06
(1,12,19,0) : 6.12888e-06
(1,13,0,0) : 2.08382e-04
(1,13,1,0) : 5.51599e-05
(1,13,2,0) : 5.51599e-05
(1,13,3,0) : 6.12888e-06
(1,13,4,0) : 6.12888e-06
(1,14,0,0) : 1.65480e-04
(1,14,1,0) : 4.29021e-05
(1,14,2,0) : 2.45155e-05
(1,15,0,0) : 7.96754e-05
(1,15,1,0) : 3.67733e-05
(1,15,2,0) : 6.12888e-06
(1,15,3,0) : 6.12888e-06
(1,15,4,0) : 6.12888e-06
(1,15,5,0) : 6.12888e-06
(1,16,0,0) : 1.22578e-04
(1,16,1,0) : 1.22578e-05
(1,16,2,0) : 1.83866e-05
(1,16,3,0) : 6.12888e-06
(1,16,6,0) : 6.12888e-06
(1,17,0,0) : 2.45155e-05
(1,18,0,0) : 2.45155e-05
(1,18,1,0) : 1.22578e-05
(1,18,4,0) : 6.12888e-06
(1,19,0,0) : 3.67733e-05
(1,19,0,1) : 6.12888e-06
(1,19,1,0) : 1.22578e-05
(1,19,1,1) : 6.12888e-06
(1,20,0,0) : 4.90310e-05
(1,20,3,0) : 6.12888e-06
(1,21,0,0) : 1.83866e-05
(1,21,1,0) : 6.12888e-06
(1,22,0,0) : 1.83866e-05
(1,23,0,0) : 6.12888e-06
(1,24,0,0) : 6.12888e-06
(1,24,2,0) : 6.12888e-06
(1,26,0,0) : 6.12888e-06
(2,0,0,0) : 2.30385e-02
(2,0,0,1) : 1.12771e-03
(2,0,0,2) : 2.88057e-04
(2,0,0,3) : 1.77737e-04
(2,0,0,4) : 7.96754e-05
(2,0,0,5) : 3.67733e-05
(2,0,0,6) : 1.22578e-05
(2,0,0,7) : 6.12888e-06
(2,0,0,8) : 6.12888e-06
(2,0,0,9) : 6.12888e-06
(2,0,1,0) : 1.07562e-02
(2,0,1,1) : 1.56286e-03
(2,0,1,2) : 4.90310e-04
(2,0,1,3) : 3.06444e-04
(2,0,1,4) : 1.16449e-04
(2,0,1,5) : 6.12888e-05
(2,0,1,6) : 2.45155e-05
(2,0,1,7) : 1.22578e-05
(2,0,1,8) : 1.22578e-05
(2,0,1,11) : 6.12888e-06
(2,0,2,0) : 7.06047e-03
(2,0,2,1) : 1.44029e-03
(2,0,2,2) : 4.41279e-04
(2,0,2,3) : 2.39026e-04
(2,0,2,4) : 1.65480e-04
(2,0,2,5) : 5.51599e-05
(2,0,2,6) : 3.06444e-05
(2,0,2,7) : 1.22578e-05
(2,0,2,8) : 6.12888e-06
(2,0,2,9) : 1.22578e-05
(2,0,2,10) : 6.12888e-06
(2,0,3,0) : 4.57827e-03
(2,0,3,1) : 1.07255e-03
(2,0,3,2) : 4.22893e-04
(2,0,3,3) : 2.20640e-04
(2,0,3,4) : 7.35465e-05
(2,0,3,5) : 5.51599e-05
(2,0,3,6) : 6.12888e-06
(2,0,3,7) : 6.12888e-06
(2,0,3,20) : 6.12888e-06
(2,0,4,0) : 2.61090e-03
(2,0,4,1) : 8.02883e-04
(2,0,4,2) : 2.81928e-04
(2,0,4,3) : 1.77737e-04
(2,0,4,4) : 6.12888e-05
(2,0,4,5) : 1.83866e-05
(2,0,4,6) : 6.12888e-06
(2,0,4,7) : 6.12888e-06
(2,0,4,8) : 1.22578e-05
(2,0,4,10) : 6.12888e-06
(2,0,4,11) : 6.12888e-06
(2,0,5,0) : 1.50158e-03
(2,0,5,1) : 4.96439e-04
(2,0,5,2) : 1.83866e-04
(2,0,5,3) : 9.19332e-05
(2,0,5,4) : 5.51599e-05
(2,0,5,5) : 6.12888e-06
(2,0,5,6) : 6.12888e-06
(2,0,5,7) : 6.12888e-06
(2,0,5,9) : 6.12888e-06
(2,0,6,0) : 1.00514e-03
(2,0,6,1) : 1.96124e-04
(2,0,6,2) : 9.19332e-05
(2,0,6,3) : 1.22578e-05
(2,0,6,4) : 1.83866e-05
(2,0,6,5) : 6.12888e-06
(2,0,7,0) : 4.96439e-04
(2,0,7,1) : 1.40964e-04
(2,0,7,2) : 6.12888e-05
(2,0,7,3) : 1.22578e-05
(2,0,7,4) : 6.12888e-06
(2,0,7,5) : 1.22578e-05
(2,0,7,10) : 6.12888e-06
(2,0,8,0) : 3.43217e-04
(2,0,8,1) : 1.40964e-04
(2,0,8,2) : 2.45155e-05
(2,0,8,3) : 6.12888e-06
(2,0,8,4) : 6.12888e-06
(2,0,9,0) : 2.75800e-04
(2,0,9,1) : 6.12888e-05
(2,0,9,2) : 1.83866e-05
(2,0,9,3) : 1.83866e-05
(2,0,10,0) : 1.71609e-04
(2,0,10,1) : 1.83866e-05
(2,0,10,2) : 6.12888e-06
(2,0,10,3) : 6.12888e-06
(2,0,10,4) : 6.12888e-06
(2,0,11,0) : 5.51599e-05
(2,0,11,1) : 1.22578e-05
(2,0,12,0) : 9.19332e-05
(2,0,12,1) : 1.22578e-05
(2,0,12,2) : 6.12888e-06
(2,0,13,0) : 1.83866e-05
(2,0,13,1) : 1.22578e-05
(2,0,13,2) : 6.12888e-06
(2,0,14,0) : 3.06444e-05
(2,0,14,1) : 1.22578e-05
(2,0,15,0) : 6.12888e-06
(2,0,16,0) : 6.12888e-06
(2,0,17,0) : 6.12888e-06
(2,0,17,1) : 6.12888e-06
(2,0,18,0) : 6.12888e-06
(2,0,26,0) : 6.12888e-06
(2,1,0,0) : 1.83866e-02
(2,1,0,1) : 2.02253e-04
(2,1,0,2) : 7.35465e-05
(2,1,0,3) : 6.12888e-06
(2,1,0,4) : 1.22578e-05
(2,1,0,5) : 6.12888e-06
(2,1,1,0) : 5.13600e-03
(2,1,1,1) : 3.24831e-04
(2,1,1,2) : 1.59351e-04
(2,1,1,3) : 1.22578e-05
(2,1,1,4) : 1.22578e-05
(2,1,1,8) : 6.12888e-06
(2,1,2,0) : 2.65993e-03
(2,1,2,1) : 2.57413e-04
(2,1,2,2) : 1.40964e-04
(2,1,2,3) : 3.67733e-05
(2,1,2,4) : 2.45155e-05
(2,1,2,5) : 1.22578e-05
(2,1,2,7) : 6.12888e-06
(2,1,3,0) : 1.69157e-03
(2,1,3,1) : 2.69671e-04
(2,1,3,2) : 1.47093e-04
(2,1,3,3) : 5.51599e-05
(2,1,3,4) : 1.83866e-05
(2,1,3,7) : 1.22578e-05
(2,1,3,9) : 6.12888e-06
(2,1,4,0) : 8.39656e-04
(2,1,4,1) : 1.96124e-04
(2,1,4,2) : 6.74177e-05
(2,1,4,3) : 1.22578e-05
(2,1,4,4) : 1.22578e-05
(2,1,5,0) : 6.92563e-04
(2,1,5,1) : 1.04191e-04
(2,1,5,2) : 7.96754e-05
(2,1,5,3) : 2.45155e-05
(2,1,5,5) : 6.12888e-06
(2,1,6,0) : 4.41279e-04
(2,1,6,1) : 1.16449e-04
(2,1,6,2) : 3.67733e-05
(2,1,6,3) : 1.83866e-05
(2,1,7,0) : 3.00315e-04
(2,1,7,1) : 6.12888e-05
(2,1,7,2) : 3.06444e-05
(2,1,7,3) : 1.83866e-05
(2,1,7,4) : 6.12888e-06
(2,1,8,0) : 2.39026e-04
(2,1,8,1) : 3.06444e-05
(2,1,8,3) : 6.12888e-06
(2,1,9,0) : 1.16449e-04
(2,1,9,1) : 3.67733e-05
(2,1,9,2) : 6.12888e-06
(2,1,10,0) : 5.51599e-05
(2,1,10,2) : 6.12888e-06
(2,1,11,0) : 7.35465e-05
(2,1,11,1) : 6.12888e-06
(2,1,11,2) : 6.12888e-06
(2,1,12,0) : 3.06444e-05
(2,1,12,1) : 6.12888e-06
(2,1,12,2) : 6.12888e-06
(2,1,13,0) : 6.12888e-06
(2,1,13,2) : 6.12888e-06
(2,1,14,0) : 1.83866e-05
(2,1,15,0) : 6.12888e-06
(2,1,16,0) : 1.22578e-05
(2,1,16,1) : 6.12888e-06
(2,1,16,2) : 6.12888e-06
(2,1,17,1) : 6.12888e-06
(2,1,19,1) : 6.12888e-06
(2,2,0,0) : 1.27113e-02
(2,2,0,1) : 9.80620e-05
(2,2,0,2) : 6.12888e-06
(2,2,0,3) : 1.83866e-05
(2,2,1,0) : 2.87444e-03
(2,2,1,1) : 9.19332e-05
(2,2,1,2) : 1.22578e-05
(2,2,1,3) : 1.22578e-05
(2,2,1,4) : 6.12888e-06
(2,2,1,8) : 1.22578e-05
(2,2,2,0) : 1.39738e-03
(2,2,2,1) : 1.34835e-04
(2,2,2,2) : 3.06444e-05
(2,2,2,3) : 6.12888e-06
(2,2,3,0) : 7.72239e-04
(2,2,3,1) : 5.51599e-05
(2,2,3,2) : 2.45155e-05
(2,2,4,0) : 4.53537e-04
(2,2,4,1) : 5.51599e-05
(2,2,4,2) : 6.12888e-06
(2,2,4,3) : 6.12888e-06
(2,2,5,0) : 2.75800e-04
(2,2,5,1) : 3.06444e-05
(2,2,5,2) : 1.83866e-05
(2,2,6,0) : 1.65480e-04
(2,2,6,1) : 1.83866e-05
(2,2,6,2) : 1.22578e-05
(2,2,6,3) : 6.12888e-06
(2,2,7,0) : 1.71609e-04
(2,2,7,1) : 3.06444e-05
(2,2,8,0) : 1.04191e-04
(2,2,8,1) : 1.22578e-05
(2,2,9,0) : 5.51599e-05
(2,2,9,1) : 1.22578e-05
(2,2,9,3) : 6.12888e-06
(2,2,10,0) : 4.29021e-05
(2,2,10,3) : 6.12888e-06
(2,2,11,0) : 1.83866e-05
(2,2,11,1) : 1.22578e-05
(2,2,11,2) : 6.12888e-06
(2,2,12,0) : 1.83866e-05
(2,2,13,0) : 2.45155e-05
(2,2,14,1) : 6.12888e-06
(2,2,17,0) : 6.12888e-06
(2,2,19,0) : 6.12888e-06
(2,3,0,0) : 7.89399e-03
(2,3,0,1) : 4.90310e-05
(2,3,1,0) : 1.67931e-03
(2,3,1,1) : 5.51599e-05
(2,3,1,3) : 1.22578e-05
(2,3,2,0) : 7.59981e-04
(2,3,2,1) : 6.12888e-06
(2,3,3,0) : 3.79990e-04
(2,3,3,1) : 2.45155e-05
(2,3,4,0) : 2.51284e-04
(2,3,4,1) : 3.06444e-05
(2,3,5,0) : 1.83866e-04
(2,3,5,1) : 1.83866e-05
(2,3,5,3) : 6.12888e-06
(2,3,6,0) : 7.96754e-05
(2,3,6,1) : 1.22578e-05
(2,3,6,2) : 6.12888e-06
(2,3,7,0) : 7.96754e-05
(2,3,7,1) : 6.12888e-06
(2,3,8,0) : 1.22578e-05
(2,3,8,2) : 6.12888e-06
(2,3,9,0) : 1.83866e-05
(2,3,9,1) : 6.12888e-06
(2,3,9,2) : 6.12888e-06
(2,3,10,0) : 1.83866e-05
(2,3,11,0) : 2.45155e-05
(2,3,12,0) : 1.22578e-05
(2,3,13,0) : 6.12888e-06
(2,4,0,0) : 4.96439e-03
(2,4,0,1) : 1.22578e-05
(2,4,1,0) : 1.12771e-03
(2,4,2,0) : 3.98377e-04
(2,4,2,1) : 1.22578e-05
(2,4,2,2) : 1.22578e-05
(2,4,2,4) : 6.12888e-06
(2,4,3,0) : 2.39026e-04
(2,4,3,1) : 1.22578e-05
(2,4,4,0) : 1.28706e-04
(2,4,4,1) : 1.83866e-05
(2,4,5,0) : 1.04191e-04
(2,4,5,2) : 1.22578e-05
(2,4,6,0) : 3.67733e-05
(2,4,6,1) : 6.12888e-06
(2,4,7,0) : 3.06444e-05
(2,4,8,0) : 3.06444e-05
(2,4,9,0) : 1.83866e-05
(2,4,11,0) : 1.22578e-05
(2,4,13,0) : 1.22578e-05
(2,4,15,0) : 6.12888e-06
(2,5,0,0) : 3.15024e-03
(2,5,0,1) : 6.12888e-06
(2,5,1,0) : 7.84496e-04
(2,5,1,1) : 1.22578e-05
(2,5,2,0) : 2.32897e-04
(2,5,2,2) : 1.22578e-05
(2,5,3,0) : 8.58043e-05
(2,5,3,1) : 6.12888e-06
(2,5,4,0) : 7.35465e-05
(2,5,4,1) : 6.12888e-06
(2,5,5,0) : 8.58043e-05
(2,5,5,1) : 6.12888e-06
(2,5,6,0) : 3.06444e-05
(2,5,6,1) : 6.12888e-06
(2,5,7,0) : 3.06444e-05
(2,5,8,0) : 1.22578e-05
(2,5,11,0) : 1.83866e-05
(2,5,12,0) : 1.22578e-05
(2,5,12,1) : 6.12888e-06
(2,5,15,0) : 6.12888e-06
(2,6,0,0) : 2.34736e-03
(2,6,0,1) : 6.12888e-06
(2,6,1,0) : 3.98377e-04
(2,6,2,0) : 2.32897e-04
(2,6,3,0) : 5.51599e-05
(2,6,4,0) : 6.12888e-05
(2,6,4,1) : 6.12888e-06
(2,6,5,0) : 6.12888e-06
(2,6,5,1) : 6.12888e-06
(2,6,6,0) : 1.83866e-05
(2,6,7,0) : 6.12888e-06
(2,6,8,0) : 1.83866e-05
(2,6,9,0) : 6.12888e-06
(2,7,0,0) : 1.56286e-03
(2,7,0,1) : 1.22578e-05
(2,7,1,0) : 2.39026e-04
(2,7,2,0) : 7.35465e-05
(2,7,3,0) : 3.67733e-05
(2,7,4,0) : 5.51599e-05
(2,7,5,0) : 3.67733e-05
(2,7,6,0) : 1.83866e-05
(2,7,8,0) : 6.12888e-06
(2,8,0,0) : 1.04191e-03
(2,8,0,1) : 6.12888e-06
(2,8,0,2) : 6.12888e-06
(2,8,1,0) : 2.20640e-04
(2,8,1,1) : 6.12888e-06
(2,8,2,0) : 6.12888e-05
(2,8,2,1) : 6.12888e-06
(2,8,3,0) : 3.67733e-05
(2,8,4,0) : 4.29021e-05
(2,8,5,0) : 1.83866e-05
(2,8,5,1) : 6.12888e-06
(2,8,7,0) : 6.12888e-06
(2,8,8,0) : 1.83866e-05
(2,9,0,0) : 6.98692e-04
(2,9,1,0) : 1.53222e-04
(2,9,2,0) : 3.67733e-05
(2,9,3,0) : 1.83866e-05
(2,9,4,0) : 1.22578e-05
(2,9,6,0) : 6.12888e-06
(2,9,10,0) : 6.12888e-06
(2,10,0,0) : 4.47408e-04
(2,10,1,0) : 8.58043e-05
(2,10,1,1) : 6.12888e-06
(2,10,2,0) : 2.45155e-05
(2,10,3,0) : 1.83866e-05
(2,10,9,0) : 6.12888e-06
(2,11,0,0) : 3.55475e-04
(2,11,1,0) : 3.67733e-05
(2,11,2,0) : 3.06444e-05
(2,11,3,0) : 1.83866e-05
(2,12,0,0) : 2.26768e-04
(2,12,1,0) : 4.29021e-05
(2,12,2,0) : 2.45155e-05
(2,12,4,0) : 6.12888e-06
(2,13,0,0) : 1.65480e-04
(2,13,1,0) : 1.83866e-05
(2,13,3,0) : 1.22578e-05
(2,13,4,0) : 1.22578e-05
(2,13,6,0) : 6.12888e-06
(2,14,0,0) : 1.04191e-04
(2,14,1,0) : 4.90310e-05
(2,14,2,0) : 6.12888e-06
(2,14,3,0) : 6.12888e-06
(2,14,7,0) : 6.12888e-06
(2,15,0,0) : 6.74177e-05
(2,15,0,1) : 6.12888e-06
(2,15,1,0) : 1.83866e-05
(2,15,3,0) : 6.12888e-06
(2,15,6,0) : 6.12888e-06
(2,16,0,0) : 5.51599e-05
(2,16,1,0) : 1.83866e-05
(2,17,0,0) : 7.35465e-05
(2,17,1,0) : 6.12888e-06
(2,17,2,0) : 1.22578e-05
(2,18,0,0) : 1.22578e-05
(2,18,1,0) : 6.12888e-06
(2,19,0,0) : 6.12888e-06
(2,19,1,0) : 1.22578e-05
(2,20,0,0) : 4.29021e-05
(2,20,1,0) : 1.22578e-05
(2,20,2,0) : 6.12888e-06
(2,21,1,0) : 1.22578e-05
(2,22,0,0) : 6.12888e-06
(3,0,0,0) : 1.63335e-02
(3,0,0,1) : 8.27399e-04
(3,0,0,2) : 2.08382e-04
(3,0,0,3) : 1.04191e-04
(3,0,0,4) : 3.67733e-05
(3,0,0,5) : 3.06444e-05
(3,0,0,6) : 6.12888e-06
(3,0,0,7) : 6.12888e-06
(3,0,0,9) : 6.12888e-06
(3,0,1,0) : 7.25659e-03
(3,0,1,1) : 1.26868e-03
(3,0,1,2) : 3.79990e-04
(3,0,1,3) : 2.20640e-04
(3,0,1,4) : 7.96754e-05
(3,0,1,5) : 3.06444e-05
(3,0,1,6) : 4.90310e-05
(3,0,1,7) : 6.12888e-06
(3,0,1,8) : 6.12888e-06
(3,0,1,9) : 6.12888e-06
(3,0,2,0) : 4.74375e-03
(3,0,2,1) : 9.92878e-04
(3,0,2,2) : 3.67733e-04
(3,0,2,3) : 2.32897e-04
(3,0,2,4) : 3.67733e-05
(3,0,2,5) : 3.06444e-05
(3,0,2,6) : 3.06444e-05
(3,0,2,7) : 1.83866e-05
(3,0,2,8) : 1.22578e-05
(3,0,3,0) : 3.15024e-03
(3,0,3,1) : 7.78368e-04
(3,0,3,2) : 4.04506e-04
(3,0,3,3) : 1.53222e-04
(3,0,3,4) : 6.12888e-05
(3,0,3,5) : 2.45155e-05
(3,0,3,6) : 2.45155e-05
(3,0,3,7) : 1.22578e-05
(3,0,3,8) : 1.22578e-05
(3,0,3,9) : 6.12888e-06
(3,0,3,11) : 6.12888e-06
(3,0,4,0) : 1.82641e-03
(3,0,4,1) : 6.61919e-04
(3,0,4,2) : 2.45155e-04
(3,0,4,3) : 1.16449e-04
(3,0,4,4) : 4.29021e-05
(3,0,4,5) : 3.06444e-05
(3,0,4,6) : 1.22578e-05
(3,0,5,0) : 1.02352e-03
(3,0,5,1) : 3.79990e-04
(3,0,5,2) : 1.10320e-04
(3,0,5,3) : 9.19332e-05
(3,0,5,4) : 4.90310e-05
(3,0,5,5) : 1.22578e-05
(3,0,5,6) : 6.12888e-06
(3,0,6,0) : 7.17079e-04
(3,0,6,1) : 1.96124e-04
(3,0,6,2) : 1.04191e-04
(3,0,6,3) : 1.83866e-05
(3,0,6,4) : 3.06444e-05
(3,0,6,7) : 6.12888e-06
(3,0,7,0) : 3.30959e-04
(3,0,7,1) : 1.28706e-04
(3,0,7,2) : 4.90310e-05
(3,0,7,3) : 2.45155e-05
(3,0,8,0) : 2.45155e-04
(3,0,8,1) : 6.12888e-05
(3,0,8,2) : 2.45155e-05
(3,0,8,3) : 1.22578e-05
(3,0,8,4) : 6.12888e-06
(3,0,8,7) : 6.12888e-06
(3,0,8,10) : 6.12888e-06
(3,0,9,0) : 1.10320e-04
(3,0,9,1) : 6.74177e-05
(3,0,9,2) : 1.83866e-05
(3,0,10,0) : 1.22578e-04
(3,0,10,1) : 3.06444e-05
(3,0,10,2) : 6.12888e-06
(3,0,10,3) : 1.22578e-05
(3,0,11,0) : 3.67733e-05
(3,0,11,1) : 2.45155e-05
(3,0,11,2) : 1.22578e-05
(3,0,11,3) : 6.12888e-06
(3,0,12,0) : 3.67733e-05
(3,0,12,1) : 6.12888e-06
(3,0,13,0) : 1.83866e-05
(3,0,13,1) : 1.83866e-05
(3,0,14,0) : 1.22578e-05
(3,0,14,1) : 1.22578e-05
(3,0,15,0) : 6.12888e-06
(3,0,16,0) : 1.83866e-05
(3,1,0,0) : 1.43477e-02
(3,1,0,1) : 1.47093e-04
(3,1,0,2) : 5.51599e-05
(3,1,0,3) : 2.45155e-05
(3,1,0,4) : 1.83866e-05
(3,1,0,5) : 1.22578e-05
(3,1,1,0) : 4.24118e-03
(3,1,1,1) : 2.45155e-04
(3,1,1,2) : 5.51599e-05
(3,1,1,3) : 3.67733e-05
(3,1,1,4) : 6.12888e-06
(3,1,1,5) : 1.22578e-05
(3,1,1,7) : 6.12888e-06
(3,1,2,0) : 2.01027e-03
(3,1,2,1) : 3.73862e-04
(3,1,2,2) : 1.10320e-04
(3,1,2,3) : 1.83866e-05
(3,1,2,4) : 1.22578e-05
(3,1,3,0) : 1.13997e-03
(3,1,3,1) : 2.32897e-04
(3,1,3,2) : 9.19332e-05
(3,1,3,3) : 6.12888e-06
(3,1,3,4) : 1.22578e-05
(3,1,3,6) : 1.22578e-05
(3,1,3,12) : 6.12888e-06
(3,1,4,0) : 8.70301e-04
(3,1,4,1) : 1.47093e-04
(3,1,4,2) : 6.12888e-05
(3,1,4,3) : 1.83866e-05
(3,1,4,5) : 6.12888e-06
(3,1,4,6) : 1.22578e-05
(3,1,5,0) : 4.90310e-04
(3,1,5,1) : 1.28706e-04
(3,1,5,2) : 4.90310e-05
(3,1,5,3) : 1.22578e-05
(3,1,6,0) : 3.00315e-04
(3,1,6,1) : 7.35465e-05
(3,1,6,2) : 1.83866e-05
(3,1,6,3) : 6.12888e-06
(3,1,6,4) : 1.22578e-05
(3,1,6,8) : 6.12888e-06
(3,1,7,0) : 2.26768e-04
(3,1,7,1) : 2.45155e-05
(3,1,7,2) : 1.83866e-05
(3,1,7,3) : 1.22578e-05
(3,1,7,4) : 6.12888e-06
(3,1,8,0) : 7.35465e-05
(3,1,8,1) : 2.45155e-05
(3,1,8,4) : 6.12888e-06
(3,1,9,0) : 4.90310e-05
(3,1,9,1) : 6.12888e-06
(3,1,10,0) : 4.29021e-05
(3,1,10,1) : 1.22578e-05
(3,1,10,2) : 6.12888e-06
(3,1,10,3) : 6.12888e-06
(3,1,11,0) : 5.51599e-05
(3,1,11,1) : 1.22578e-05
(3,1,11,3) : 6.12888e-06
(3,1,12,0) : 2.45155e-05
(3,1,12,1) : 6.12888e-06
(3,1,12,2) : 6.12888e-06
(3,1,13,0) : 6.12888e-06
(3,1,13,1) : 6.12888e-06
(3,1,14,0) : 1.83866e-05
(3,1,14,1) : 1.22578e-05
(3,1,14,2) : 6.12888e-06
(3,1,15,0) : 1.83866e-05
(3,1,16,0) : 6.12888e-06
(3,1,16,1) : 6.12888e-06
(3,1,18,0) : 6.12888e-06
(3,1,18,1) : 6.12888e-06
(3,1,20,3) : 6.12888e-06
(3,2,0,0) : 1.01801e-02
(3,2,0,1) : 3.06444e-05
(3,2,0,2) : 6.12888e-06
(3,2,1,0) : 2.15124e-03
(3,2,1,1) : 9.19332e-05
(3,2,1,2) : 1.83866e-05
(3,2,1,3) : 2.45155e-05
(3,2,1,6) : 6.12888e-06
(3,2,2,0) : 7.84496e-04
(3,2,2,1) : 9.19332e-05
(3,2,2,2) : 1.83866e-05
(3,2,3,0) : 4.78052e-04
(3,2,3,1) : 7.35465e-05
(3,2,3,2) : 3.67733e-05
(3,2,3,3) : 6.12888e-06
(3,2,4,0) : 3.18702e-04
(3,2,4,1) : 3.06444e-05
(3,2,4,2) : 1.83866e-05
(3,2,4,7) : 6.12888e-06
(3,2,5,0) : 1.04191e-04
(3,2,5,1) : 3.67733e-05
(3,2,5,2) : 1.83866e-05
(3,2,5,3) : 1.22578e-05
(3,2,5,5) : 6.12888e-06
(3,2,5,7) : 6.12888e-06
(3,2,6,0) : 1.10320e-04
(3,2,6,1) : 3.06444e-05
(3,2,6,2) : 1.22578e-05
(3,2,6,3) : 1.22578e-05
(3,2,7,0) : 5.51599e-05
(3,2,7,1) : 1.83866e-05
(3,2,8,0) : 3.67733e-05
(3,2,8,1) : 1.22578e-05
(3,2,8,2) : 1.22578e-05
(3,2,9,0) : 2.45155e-05
(3,2,10,0) : 3.06444e-05
(3,2,11,0) : 2.45155e-05
(3,2,12,1) : 6.12888e-06
(3,2,13,0) : 1.22578e-05
(3,2,13,1) : 6.12888e-06
(3,2,21,0) : 6.12888e-06
(3,3,0,0) : 6.22694e-03
(3,3,0,1) : 3.67733e-05
(3,3,1,0) : 1.49545e-03
(3,3,1,1) : 3.67733e-05
(3,3,2,0) : 4.90310e-04
(3,3,2,1) : 4.90310e-05
(3,3,2,2) : 6.12888e-06
(3,3,2,3) : 6.12888e-06
(3,3,3,0) : 1.83866e-04
(3,3,3,1) : 2.45155e-05
(3,3,4,0) : 1.34835e-04
(3,3,4,1) : 2.45155e-05
(3,3,4,2) : 6.12888e-06
(3,3,5,0) : 1.47093e-04
(3,3,5,1) : 1.83866e-05
(3,3,5,2) : 6.12888e-06
(3,3,6,0) : 3.67733e-05
(3,3,6,1) : 1.83866e-05
(3,3,7,0) : 4.29021e-05
(3,3,8,0) : 3.67733e-05
(3,3,9,0) : 6.12888e-06
(3,3,10,0) : 6.12888e-06
(3,3,12,2) : 6.12888e-06
(3,4,0,0) : 3.68346e-03
(3,4,1,0) : 8.45785e-04
(3,4,1,1) : 1.83866e-05
(3,4,1,2) : 6.12888e-06
(3,4,2,0) : 2.63542e-04
(3,4,2,1) : 1.22578e-05
(3,4,2,2) : 6.12888e-06
(3,4,2,3) : 6.12888e-06
(3,4,3,0) : 1.34835e-04
(3,4,3,1) : 1.22578e-05
(3,4,4,0) : 4.90310e-05
(3,4,5,0) : 4.29021e-05
(3,4,5,1) : 6.12888e-06
(3,4,6,0) : 4.29021e-05
(3,4,6,3) : 6.12888e-06
(3,4,7,0) : 2.45155e-05
(3,4,8,0) : 2.45155e-05
(3,4,8,1) : 6.12888e-06
(3,4,9,0) : 1.22578e-05
(3,5,0,0) : 2.39639e-03
(3,5,0,1) : 1.22578e-05
(3,5,1,0) : 4.84181e-04
(3,5,1,1) : 6.12888e-06
(3,5,2,0) : 1.22578e-04
(3,5,2,1) : 1.22578e-05
(3,5,3,0) : 7.96754e-05
(3,5,3,1) : 6.12888e-06
(3,5,4,0) : 3.67733e-05
(3,5,5,0) : 3.06444e-05
(3,5,6,0) : 6.12888e-06
(3,5,7,0) : 3.06444e-05
(3,5,7,1) : 6.12888e-06
(3,5,8,0) : 1.22578e-05
(3,5,9,0) : 6.12888e-06
(3,5,12,1) : 6.12888e-06
(3,5,13,2) : 6.12888e-06
(3,6,0,0) : 1.48319e-03
(3,6,0,1) : 6.12888e-06
(3,6,1,0) : 3.12573e-04
(3,6,2,0) : 1.04191e-04
(3,6,3,0) : 4.29021e-05
(3,6,4,0) : 1.22578e-05
(3,6,5,0) : 2.45155e-05
(3,6,5,1) : 6.12888e-06
(3,6,7,0) : 1.22578e-05
(3,6,7,1) : 6.12888e-06
(3,7,0,0) : 8.82558e-04
(3,7,1,0) : 1.83866e-04
(3,7,2,0) : 5.51599e-05
(3,7,2,2) : 6.12888e-06
(3,7,3,0) : 1.83866e-05
(3,7,4,0) : 1.22578e-05
(3,7,6,0) : 6.12888e-06
(3,7,7,0) : 6.12888e-06
(3,7,8,1) : 6.12888e-06
(3,7,19,1) : 6.12888e-06
(3,8,0,0) : 6.74177e-04
(3,8,0,1) : 6.12888e-06
(3,8,1,0) : 1.47093e-04
(3,8,2,0) : 6.74177e-05
(3,8,2,1) : 6.12888e-06
(3,8,3,0) : 1.83866e-05
(3,8,3,3) : 6.12888e-06
(3,8,4,0) : 1.22578e-05
(3,8,5,0) : 6.12888e-06
(3,9,0,0) : 5.39341e-04
(3,9,0,1) : 6.12888e-06
(3,9,1,0) : 1.28706e-04
(3,9,2,0) : 3.67733e-05
(3,9,3,0) : 1.83866e-05
(3,9,4,0) : 1.22578e-05
(3,9,9,0) : 6.12888e-06
(3,10,0,0) : 3.00315e-04
(3,10,1,0) : 6.12888e-05
(3,10,2,0) : 3.67733e-05
(3,10,3,0) : 1.22578e-05
(3,10,4,0) : 6.12888e-06
(3,10,5,0) : 1.22578e-05
(3,10,6,0) : 1.22578e-05
(3,11,0,0) : 1.34835e-04
(3,11,1,0) : 6.12888e-05
(3,11,1,1) : 6.12888e-06
(3,11,2,0) : 3.06444e-05
(3,11,3,0) : 1.83866e-05
(3,12,0,0) : 1.28706e-04
(3,12,1,0) : 4.29021e-05
(3,12,2,0) : 6.12888e-06
(3,12,4,0) : 1.22578e-05
(3,12,5,0) : 6.12888e-06
(3,13,0,0) : 1.10320e-04
(3,13,1,0) : 2.45155e-05
(3,13,2,0) : 3.67733e-05
(3,13,3,0) : 1.22578e-05
(3,13,4,0) : 6.12888e-06
(3,14,0,0) : 1.04191e-04
(3,14,1,0) : 6.12888e-06
(3,15,0,0) : 2.45155e-05
(3,15,1,0) : 1.22578e-05
(3,15,2,0) : 6.12888e-06
(3,15,3,0) : 6.12888e-06
(3,16,0,0) : 1.83866e-05
(3,16,1,0) : 6.12888e-06
(3,16,4,0) : 6.12888e-06
(3,17,0,0) : 2.45155e-05
(3,17,2,0) : 6.12888e-06
(3,18,0,0) : 1.83866e-05
(3,20,0,0) : 6.12888e-06
(3,21,0,0) : 1.22578e-05
(4,0,0,0) : 1.16081e-02
(4,0,0,1) : 5.14826e-04
(4,0,0,2) : 1.40964e-04
(4,0,0,3) : 7.35465e-05
(4,0,0,4) : 2.45155e-05
(4,0,0,5) : 1.83866e-05
(4,0,0,6) : 1.22578e-05
(4,0,0,10) : 6.12888e-06
(4,0,0,11) : 6.12888e-06
(4,0,1,0) : 5.25245e-03
(4,0,1,1) : 7.47723e-04
(4,0,1,2) : 3.24831e-04
(4,0,1,3) : 1.10320e-04
(4,0,1,4) : 6.74177e-05
(4,0,1,5) : 2.45155e-05
(4,0,1,6) : 6.12888e-06
(4,0,1,8) : 1.22578e-05
(4,0,2,0) : 2.99702e-03
(4,0,2,1) : 8.15141e-04
(4,0,2,2) : 2.51284e-04
(4,0,2,3) : 9.80620e-05
(4,0,2,4) : 7.35465e-05
(4,0,2,5) : 1.83866e-05
(4,0,2,6) : 3.06444e-05
(4,0,2,7) : 6.12888e-06
(4,0,2,8) : 6.12888e-06
(4,0,2,9) : 6.12888e-06
(4,0,3,0) : 1.93060e-03
(4,0,3,1) : 6.12888e-04
(4,0,3,2) : 2.69671e-04
(4,0,3,3) : 1.04191e-04
(4,0,3,4) : 5.51599e-05
(4,0,3,5) : 5.51599e-05
(4,0,3,6) : 2.45155e-05
(4,0,3,7) : 1.22578e-05
(4,0,3,8) : 6.12888e-06
(4,0,4,0) : 1.07868e-03
(4,0,4,1) : 3.86119e-04
(4,0,4,2) : 1.53222e-04
(4,0,4,3) : 7.96754e-05
(4,0,4,4) : 4.29021e-05
(4,0,4,5) : 2.45155e-05
(4,0,4,6) : 1.83866e-05
(4,0,4,7) : 1.22578e-05
(4,0,4,11) : 6.12888e-06
(4,0,5,0) : 6.37403e-04
(4,0,5,1) : 2.69671e-04
(4,0,5,2) : 1.10320e-04
(4,0,5,3) : 4.29021e-05
(4,0,5,4) : 1.22578e-05
(4,0,5,7) : 6.12888e-06
(4,0,5,10) : 6.12888e-06
(4,0,6,0) : 3.79990e-04
(4,0,6,1) : 1.53222e-04
(4,0,6,2) : 7.96754e-05
(4,0,6,3) : 3.06444e-05
(4,0,6,4) : 1.83866e-05
(4,0,6,9) : 6.12888e-06
(4,0,6,10) : 6.12888e-06
(4,0,7,0) : 2.20640e-04
(4,0,7,1) : 8.58043e-05
(4,0,7,2) : 5.51599e-05
(4,0,7,3) : 6.12888e-06
(4,0,7,4) : 1.22578e-05
(4,0,7,5) : 6.12888e-06
(4,0,8,0) : 1.59351e-04
(4,0,8,1) : 6.74177e-05
(4,0,8,2) : 3.06444e-05
(4,0,8,3) : 1.22578e-05
(4,0,8,4) : 6.12888e-06
(4,0,9,0) : 7.96754e-05
(4,0,9,2) : 1.22578e-05
(4,0,9,3) : 6.12888e-06
(4,0,9,5) : 6.12888e-06
(4,0,10,0) : 4.90310e-05
(4,0,10,1) : 6.12888e-06
(4,0,10,2) : 2.45155e-05
(4,0,10,4) : 6.12888e-06
(4,0,11,0) : 1.83866e-05
(4,0,11,1) : 1.22578e-05
(4,0,11,2) : 1.22578e-05
(4,0,12,0) : 2.45155e-05
(4,0,13,0) : 6.12888e-06
(4,0,14,0) : 6.12888e-06
(4,0,14,1) : 6.12888e-06
(4,0,14,5) : 6.12888e-06
(4,0,15,0) : 6.12888e-06
(4,0,16,0) : 1.22578e-05
(4,0,17,2) : 6.12888e-06
(4,0,19,1) : 6.12888e-06
(4,0,20,0) : 6.12888e-06
(4,1,0,0) : 1.02475e-02
(4,1,0,1) : 1.65480e-04
(4,1,0,2) : 8.58043e-05
(4,1,0,3) : 3.06444e-05
(4,1,1,0) : 2.80703e-03
(4,1,1,1) : 2.45155e-04
(4,1,1,2) : 6.12888e-05
(4,1,1,3) : 3.06444e-05
(4,1,1,5) : 6.12888e-06
(4,1,1,7) : 6.12888e-06
(4,1,2,0) : 1.21965e-03
(4,1,2,1) : 2.81928e-04
(4,1,2,2) : 6.12888e-05
(4,1,2,3) : 3.67733e-05
(4,1,2,4) : 6.12888e-06
(4,1,3,0) : 8.45785e-04
(4,1,3,1) : 1.40964e-04
(4,1,3,2) : 4.29021e-05
(4,1,3,3) : 1.83866e-05
(4,1,3,4) : 6.12888e-06
(4,1,3,5) : 1.22578e-05
(4,1,3,8) : 6.12888e-06
(4,1,4,0) : 4.59666e-04
(4,1,4,1) : 1.53222e-04
(4,1,4,2) : 2.45155e-05
(4,1,4,3) : 2.45155e-05
(4,1,4,4) : 6.12888e-06
(4,1,4,5) : 1.22578e-05
(4,1,5,0) : 3.12573e-04
(4,1,5,1) : 9.19332e-05
(4,1,5,2) : 4.90310e-05
(4,1,5,3) : 6.12888e-06
(4,1,5,4) : 6.12888e-06
(4,1,5,5) : 6.12888e-06
(4,1,5,7) : 6.12888e-06
(4,1,6,0) : 2.14511e-04
(4,1,6,1) : 3.67733e-05
(4,1,6,2) : 6.12888e-06
(4,1,6,3) : 6.12888e-06
(4,1,6,6) : 6.12888e-06
(4,1,7,0) : 1.28706e-04
(4,1,7,1) : 3.67733e-05
(4,1,7,2) : 1.22578e-05
(4,1,7,4) : 6.12888e-06
(4,1,8,0) : 4.29021e-05
(4,1,8,1) : 5.51599e-05
(4,1,8,2) : 1.83866e-05
(4,1,8,3) : 1.22578e-05
(4,1,8,4) : 6.12888e-06
(4,1,9,0) : 4.29021e-05
(4,1,9,1) : 6.12888e-06
(4,1,9,2) : 6.12888e-06
(4,1,9,3) : 6.12888e-06
(4,1,10,0) : 4.29021e-05
(4,1,11,0) : 1.83866e-05
(4,1,11,1) : 6.12888e-06
(4,1,12,0) : 6.12888e-06
(4,1,12,1) : 6.12888e-06
(4,1,14,10) : 6.12888e-06
(4,1,15,0) : 6.12888e-06
(4,1,18,0) : 6.12888e-06
(4,1,18,1) : 6.12888e-06
(4,1,34,0) : 6.12888e-06
(4,2,0,0) : 7.41594e-03
(4,2,0,1) : 6.74177e-05
(4,2,1,0) : 1.42190e-03
(4,2,1,1) : 6.12888e-05
(4,2,1,2) : 1.83866e-05
(4,2,1,3) : 1.83866e-05
(4,2,1,4) : 6.12888e-06
(4,2,1,5) : 6.12888e-06
(4,2,2,0) : 6.49661e-04
(4,2,2,1) : 6.74177e-05
(4,2,2,2) : 2.45155e-05
(4,2,2,3) : 6.12888e-06
(4,2,3,0) : 3.61604e-04
(4,2,3,1) : 7.96754e-05
(4,2,3,2) : 1.22578e-05
(4,2,3,3) : 6.12888e-06
(4,2,4,0) : 1.04191e-04
(4,2,4,1) : 3.06444e-05
(4,2,4,2) : 1.83866e-05
(4,2,5,0) : 1.16449e-04
(4,2,5,1) : 1.22578e-05
(4,2,5,5) : 6.12888e-06
(4,2,6,0) : 5.51599e-05
(4,2,6,1) : 1.22578e-05
(4,2,6,4) : 6.12888e-06
(4,2,7,0) : 3.67733e-05
(4,2,7,1) : 1.22578e-05
(4,2,8,0) : 3.67733e-05
(4,2,9,0) : 3.67733e-05
(4,2,9,1) : 6.12888e-06
(4,2,10,0) : 6.12888e-06
(4,2,10,1) : 6.12888e-06
(4,2,11,0) : 1.22578e-05
(4,2,12,1) : 6.12888e-06
(4,2,21,1) : 6.12888e-06
(4,2,22,0) : 6.12888e-06
(4,3,0,0) : 4.20441e-03
(4,3,0,1) : 1.83866e-05
(4,3,0,2) : 6.12888e-06
(4,3,1,0) : 9.31589e-04
(4,3,1,1) : 1.83866e-05
(4,3,1,2) : 6.12888e-06
(4,3,2,0) : 3.49346e-04
(4,3,2,1) : 1.83866e-05
(4,3,2,3) : 6.12888e-06
(4,3,3,0) : 1.47093e-04
(4,3,3,1) : 1.22578e-05
(4,3,3,2) : 1.83866e-05
(4,3,4,0) : 7.96754e-05
(4,3,4,1) : 1.22578e-05
(4,3,4,2) : 6.12888e-06
(4,3,4,3) : 6.12888e-06
(4,3,5,0) : 5.51599e-05
(4,3,5,1) : 1.22578e-05
(4,3,6,0) : 4.90310e-05
(4,3,6,1) : 1.22578e-05
(4,3,6,2) : 6.12888e-06
(4,3,6,6) : 6.12888e-06
(4,3,7,0) : 4.29021e-05
(4,3,9,0) : 6.12888e-06
(4,3,10,0) : 6.12888e-06
(4,3,12,0) : 6.12888e-06
(4,4,0,0) : 2.72735e-03
(4,4,0,1) : 6.12888e-06
(4,4,1,0) : 4.78052e-04
(4,4,1,1) : 1.83866e-05
(4,4,2,0) : 1.65480e-04
(4,4,2,1) : 2.45155e-05
(4,4,3,0) : 7.96754e-05
(4,4,4,0) : 4.90310e-05
(4,4,5,0) : 1.22578e-05
(4,4,5,1) : 6.12888e-06
(4,4,6,0) : 3.06444e-05
(4,4,6,1) : 6.12888e-06
(4,4,8,0) : 6.12888e-06
(4,4,9,0) : 6.12888e-06
(4,4,10,0) : 6.12888e-06
(4,4,10,2) : 6.12888e-06
(4,4,12,0) : 6.12888e-06
(4,5,0,0) : 1.55674e-03
(4,5,1,0) : 2.75800e-04
(4,5,1,1) : 6.12888e-06
(4,5,2,0) : 6.74177e-05
(4,5,2,1) : 6.12888e-06
(4,5,3,0) : 6.12888e-05
(4,5,3,2) : 6.12888e-06
(4,5,4,0) : 1.83866e-05
(4,5,4,1) : 6.12888e-06
(4,5,5,0) : 3.67733e-05
(4,5,6,0) : 1.22578e-05
(4,5,8,0) : 6.12888e-06
(4,5,12,0) : 6.12888e-06
(4,5,13,0) : 6.12888e-06
(4,5,15,0) : 6.12888e-06
(4,6,0,0) : 9.68363e-04
(4,6,1,0) : 1.83866e-04
(4,6,2,0) : 4.90310e-05
(4,6,2,1) : 6.12888e-06
(4,6,3,0) : 4.90310e-05
(4,6,4,0) : 2.45155e-05
(4,6,5,0) : 1.22578e-05
(4,6,7,0) : 1.22578e-05
(4,7,0,0) : 5.57728e-04
(4,7,1,0) : 1.53222e-04
(4,7,2,0) : 2.45155e-05
(4,7,3,0) : 1.22578e-05
(4,7,4,0) : 2.45155e-05
(4,7,6,0) : 6.12888e-06
(4,8,0,0) : 4.10635e-04
(4,8,1,0) : 9.80620e-05
(4,8,2,0) : 1.83866e-05
(4,8,2,1) : 6.12888e-06
(4,8,3,0) : 1.22578e-05
(4,8,4,0) : 1.22578e-05
(4,9,0,0) : 3.30959e-04
(4,9,1,0) : 4.90310e-05
(4,9,2,0) : 1.83866e-05
(4,9,3,0) : 1.22578e-05
(4,9,9,0) : 6.12888e-06
(4,9,10,0) : 6.12888e-06
(4,10,0,0) : 1.89995e-04
(4,10,1,0) : 1.83866e-05
(4,10,2,0) : 6.12888e-06
(4,10,2,1) : 6.12888e-06
(4,10,4,0) : 6.12888e-06
(4,10,7,0) : 6.12888e-06
(4,11,0,0) : 1.16449e-04
(4,11,1,0) : 3.06444e-05
(4,11,2,0) : 6.12888e-06
(4,11,4,0) : 1.22578e-05
(4,12,0,0) : 1.04191e-04
(4,12,1,0) : 1.83866e-05
(4,12,2,0) : 6.12888e-06
(4,12,3,0) : 6.12888e-06
(4,13,0,0) : 7.35465e-05
(4,13,1,0) : 1.22578e-05
(4,13,2,0) : 1.22578e-05
(4,13,3,0) : 6.12888e-06
(4,13,5,0) : 6.12888e-06
(4,14,0,0) : 7.35465e-05
(4,14,1,0) : 2.45155e-05
(4,14,2,0) : 6.12888e-06
(4,15,0,0) : 6.12888e-05
(4,15,2,0) : 6.12888e-06
(4,16,0,0) : 1.83866e-05
(4,16,2,0) : 6.12888e-06
(4,18,0,0) : 6.12888e-06
(4,19,0,0) : 1.22578e-05
(4,19,2,0) : 6.12888e-06
(4,20,0,0) : 6.12888e-06
(4,21,0,0) : 6.12888e-06
(4,23,0,0) : 6.12888e-06
(5,0,0,0) : 7.34240e-03
(5,0,0,1) : 3.67733e-04
(5,0,0,2) : 5.51599e-05
(5,0,0,3) : 4.90310e-05
(5,0,0,4) : 6.12888e-06
(5,0,0,5) : 6.12888e-06
(5,0,0,10) : 6.12888e-06
(5,0,1,0) : 3.27282e-03
(5,0,1,1) : 5.08697e-04
(5,0,1,2) : 1.04191e-04
(5,0,1,3) : 9.80620e-05
(5,0,1,4) : 4.29021e-05
(5,0,1,5) : 6.12888e-06
(5,0,1,7) : 6.12888e-06
(5,0,1,8) : 6.12888e-06
(5,0,1,9) : 6.12888e-06
(5,0,2,0) : 1.86931e-03
(5,0,2,1) : 4.90310e-04
(5,0,2,2) : 2.08382e-04
(5,0,2,3) : 6.12888e-05
(5,0,2,4) : 2.45155e-05
(5,0,2,5) : 6.12888e-06
(5,0,2,7) : 6.12888e-06
(5,0,3,0) : 1.11546e-03
(5,0,3,1) : 4.22893e-04
(5,0,3,2) : 1.34835e-04
(5,0,3,3) : 1.04191e-04
(5,0,3,4) : 2.45155e-05
(5,0,3,5) : 3.06444e-05
(5,0,4,0) : 6.92563e-04
(5,0,4,1) : 2.08382e-04
(5,0,4,2) : 1.71609e-04
(5,0,4,3) : 3.06444e-05
(5,0,4,4) : 3.06444e-05
(5,0,5,0) : 3.37088e-04
(5,0,5,1) : 1.40964e-04
(5,0,5,2) : 7.35465e-05
(5,0,5,3) : 1.22578e-05
(5,0,5,4) : 1.83866e-05
(5,0,5,8) : 6.12888e-06
(5,0,5,9) : 6.12888e-06
(5,0,6,0) : 2.51284e-04
(5,0,6,1) : 8.58043e-05
(5,0,6,2) : 6.74177e-05
(5,0,6,3) : 4.90310e-05
(5,0,6,5) : 1.22578e-05
(5,0,7,0) : 1.04191e-04
(5,0,7,1) : 9.19332e-05
(5,0,7,2) : 4.29021e-05
(5,0,7,3) : 6.12888e-06
(5,0,7,4) : 6.12888e-06
(5,0,7,5) : 6.12888e-06
(5,0,7,7) : 6.12888e-06
(5,0,8,0) : 6.12888e-05
(5,0,8,1) : 2.45155e-05
(5,0,8,2) : 3.06444e-05
(5,0,8,3) : 6.12888e-06
(5,0,8,5) : 6.12888e-06
(5,0,8,6) : 6.12888e-06
(5,0,9,0) : 4.90310e-05
(5,0,9,1) : 1.83866e-05
(5,0,9,2) : 1.83866e-05
(5,0,9,3) : 6.12888e-06
(5,0,9,5) : 6.12888e-06
(5,0,9,6) : 6.12888e-06
(5,0,10,0) : 1.83866e-05
(5,0,10,3) : 6.12888e-06
(5,0,11,0) : 6.12888e-06
(5,0,11,1) : 2.45155e-05
(5,0,12,0) : 1.22578e-05
(5,0,12,2) : 6.12888e-06
(5,0,13,0) : 6.12888e-06
(5,0,13,2) : 6.12888e-06
(5,0,18,0) : 6.12888e-06
(5,1,0,0) : 7.23208e-03
(5,1,0,1) : 1.10320e-04
(5,1,0,2) : 1.22578e-05
(5,1,0,5) : 6.12888e-06
(5,1,0,6) : 6.12888e-06
(5,1,1,0) : 1.92447e-03
(5,1,1,1) : 1.89995e-04
(5,1,1,2) : 2.45155e-05
(5,1,1,3) : 6.12888e-06
(5,1,1,5) : 6.12888e-06
(5,1,2,0) : 8.45785e-04
(5,1,2,1) : 2.02253e-04
(5,1,2,2) : 4.29021e-05
(5,1,2,3) : 1.22578e-05
(5,1,3,0) : 4.84181e-04
(5,1,3,1) : 9.19332e-05
(5,1,3,2) : 4.29021e-05
(5,1,3,3) : 2.45155e-05
(5,1,3,6) : 6.12888e-06
(5,1,4,0) : 3.30959e-04
(5,1,4,1) : 8.58043e-05
(5,1,4,2) : 5.51599e-05
(5,1,4,3) : 6.12888e-06
(5,1,5,0) : 2.32897e-04
(5,1,5,1) : 6.12888e-05
(5,1,5,2) : 2.45155e-05
(5,1,5,3) : 1.83866e-05
(5,1,5,4) : 1.22578e-05
(5,1,5,5) : 6.12888e-06
(5,1,6,0) : 1.04191e-04
(5,1,6,1) : 4.90310e-05
(5,1,6,2) : 1.22578e-05
(5,1,6,4) : 1.22578e-05
(5,1,6,5) : 6.12888e-06
(5,1,7,0) : 6.12888e-05
(5,1,7,1) : 2.45155e-05
(5,1,7,2) : 6.12888e-06
(5,1,7,6) : 6.12888e-06
(5,1,8,0) : 1.83866e-05
(5,1,8,1) : 2.45155e-05
(5,1,8,2) : 1.83866e-05
(5,1,9,0) : 1.22578e-05
(5,1,9,3) : 1.22578e-05
(5,1,10,0) : 1.22578e-05
(5,1,10,1) : 6.12888e-06
(5,1,11,0) : 1.22578e-05
(5,1,12,0) : 6.12888e-06
(5,1,12,1) : 6.12888e-06
(5,1,13,0) : 6.12888e-06
(5,1,14,0) : 6.12888e-06
(5,1,14,2) : 6.12888e-06
(5,2,0,0) : 4.95213e-03
(5,2,0,1) : 5.51599e-05
(5,2,1,0) : 1.18287e-03
(5,2,1,1) : 6.74177e-05
(5,2,1,2) : 6.12888e-06
(5,2,1,4) : 6.12888e-06
(5,2,1,5) : 6.12888e-06
(5,2,2,0) : 4.29021e-04
(5,2,2,1) : 5.51599e-05
(5,2,2,2) : 1.22578e-05
(5,2,3,0) : 2.08382e-04
(5,2,3,1) : 6.12888e-05
(5,2,3,2) : 6.12888e-06
(5,2,4,0) : 1.47093e-04
(5,2,4,2) : 1.83866e-05
(5,2,4,3) : 6.12888e-06
(5,2,4,4) : 6.12888e-06
(5,2,5,0) : 6.74177e-05
(5,2,5,1) : 6.12888e-06
(5,2,5,3) : 6.12888e-06
(5,2,5,4) : 6.12888e-06
(5,2,6,0) : 4.90310e-05
(5,2,6,1) : 1.83866e-05
(5,2,6,2) : 6.12888e-06
(5,2,6,3) : 6.12888e-06
(5,2,6,4) : 6.12888e-06
(5,2,6,5) : 6.12888e-06
(5,2,7,0) : 1.83866e-05
(5,2,7,1) : 1.22578e-05
(5,2,7,2) : 6.12888e-06
(5,2,8,0) : 1.83866e-05
(5,2,8,1) : 6.12888e-06
(5,2,9,0) : 1.83866e-05
(5,2,10,0) : 1.22578e-05
(5,2,10,1) : 6.12888e-06
(5,2,12,0) : 6.12888e-06
(5,3,0,0) : 3.29734e-03
(5,3,0,1) : 1.22578e-05
(5,3,1,0) : 6.68048e-04
(5,3,1,1) : 1.83866e-05
(5,3,1,2) : 6.12888e-06
(5,3,1,3) : 6.12888e-06
(5,3,2,0) : 2.51284e-04
(5,3,2,1) : 2.45155e-05
(5,3,2,2) : 6.12888e-06
(5,3,3,0) : 9.19332e-05
(5,3,3,1) : 6.12888e-06
(5,3,4,0) : 6.74177e-05
(5,3,4,1) : 1.22578e-05
(5,3,4,2) : 6.12888e-06
(5,3,5,0) : 3.67733e-05
(5,3,5,2) : 6.12888e-06
(5,3,6,0) : 6.12888e-06
(5,3,7,0) : 1.22578e-05
(5,3,7,1) : 6.12888e-06
(5,3,8,0) : 6.12888e-06
(5,3,9,0) : 1.83866e-05
(5,3,9,1) : 6.12888e-06
(5,3,12,0) : 6.12888e-06
(5,4,0,0) : 1.94898e-03
(5,4,0,1) : 4.29021e-05
(5,4,1,0) : 3.92248e-04
(5,4,1,1) : 1.22578e-05
(5,4,2,0) : 9.19332e-05
(5,4,2,1) : 6.12888e-06
(5,4,3,0) : 6.74177e-05
(5,4,3,1) : 1.22578e-05
(5,4,4,0) : 2.45155e-05
(5,4,4,1) : 1.22578e-05
(5,4,5,0) : 3.06444e-05
(5,4,6,0) : 6.12888e-06
(5,4,6,1) : 1.22578e-05
(5,4,9,0) : 6.12888e-06
(5,4,9,1) : 6.12888e-06
(5,4,13,0) : 6.12888e-06
(5,5,0,0) : 1.12771e-03
(5,5,0,1) : 1.22578e-05
(5,5,1,0) : 2.32897e-04
(5,5,2,0) : 1.34835e-04
(5,5,2,1) : 1.22578e-05
(5,5,3,0) : 3.67733e-05
(5,5,4,0) : 1.83866e-05
(5,5,5,0) : 1.22578e-05
(5,6,0,0) : 8.27399e-04
(5,6,0,1) : 6.12888e-06
(5,6,1,0) : 1.10320e-04
(5,6,1,1) : 1.22578e-05
(5,6,2,0) : 6.12888e-05
(5,6,2,1) : 6.12888e-06
(5,6,3,0) : 1.83866e-05
(5,6,3,1) : 6.12888e-06
(5,6,5,0) : 6.12888e-06
(5,6,6,0) : 6.12888e-06
(5,7,0,0) : 3.24831e-04
(5,7,1,0) : 8.58043e-05
(5,7,2,0) : 3.67733e-05
(5,7,2,1) : 1.22578e-05
(5,7,3,0) : 1.83866e-05
(5,7,5,0) : 1.22578e-05
(5,7,8,0) : 6.12888e-06
(5,7,15,0) : 6.12888e-06
(5,8,0,0) : 3.30959e-04
(5,8,1,0) : 4.29021e-05
(5,8,2,0) : 2.45155e-05
(5,8,2,1) : 1.22578e-05
(5,8,2,2) : 6.12888e-06
(5,8,3,0) : 6.12888e-06
(5,8,6,0) : 6.12888e-06
(5,8,13,0) : 6.12888e-06
(5,9,0,0) : 2.20640e-04
(5,9,1,0) : 3.67733e-05
(5,9,2,0) : 3.67733e-05
(5,9,4,0) : 1.22578e-05
(5,10,0,0) : 9.19332e-05
(5,10,5,0) : 6.12888e-06
(5,10,6,0) : 6.12888e-06
(5,11,0,0) : 6.12888e-05
(5,11,1,0) : 1.22578e-05
(5,11,2,0) : 6.12888e-06
(5,12,0,0) : 3.67733e-05
(5,12,1,0) : 1.22578e-05
(5,12,2,0) : 6.12888e-06
(5,12,5,0) : 6.12888e-06
(5,13,0,0) : 6.12888e-05
(5,13,1,0) : 1.22578e-05
(5,13,4,0) : 6.12888e-06
(5,14,0,0) : 4.90310e-05
(5,14,1,0) : 6.12888e-06
(5,14,2,0) : 6.12888e-06
(5,14,3,0) : 6.12888e-06
(5,15,0,0) : 1.83866e-05
(5,15,1,0) : 6.12888e-06
(5,15,2,0) : 6.12888e-06
(5,15,2,1) : 6.12888e-06
(5,16,0,0) : 6.12888e-06
(5,17,0,0) : 2.45155e-05
(5,18,0,0) : 6.12888e-06
(5,19,0,0) : 1.22578e-05
(5,20,3,0) : 6.12888e-06
(5,21,0,0) : 6.12888e-06
(5,23,0,0) : 1.22578e-05
(6,0,0,0) : 5.05020e-03
(6,0,0,1) : 1.22578e-04
(6,0,0,2) : 1.83866e-05
(6,0,0,3) : 2.45155e-05
(6,0,1,0) : 2.07769e-03
(6,0,1,1) : 3.86119e-04
(6,0,1,2) : 8.58043e-05
(6,0,1,3) : 4.29021e-05
(6,0,1,4) : 1.22578e-05
(6,0,2,0) : 1.18900e-03
(6,0,2,1) : 2.45155e-04
(6,0,2,2) : 9.19332e-05
(6,0,2,3) : 3.67733e-05
(6,0,2,5) : 6.12888e-06
(6,0,2,6) : 6.12888e-06
(6,0,3,0) : 7.23208e-04
(6,0,3,1) : 2.08382e-04
(6,0,3,2) : 1.22578e-04
(6,0,3,3) : 1.22578e-05
(6,0,3,4) : 1.22578e-05
(6,0,3,5) : 6.12888e-06
(6,0,3,7) : 1.22578e-05
(6,0,3,10) : 6.12888e-06
(6,0,4,0) : 4.10635e-04
(6,0,4,1) : 1.89995e-04
(6,0,4,2) : 1.10320e-04
(6,0,4,3) : 3.06444e-05
(6,0,4,4) : 2.45155e-05
(6,0,4,5) : 6.12888e-06
(6,0,4,6) : 6.12888e-06
(6,0,5,0) : 1.83866e-04
(6,0,5,1) : 7.35465e-05
(6,0,5,2) : 7.96754e-05
(6,0,5,3) : 2.45155e-05
(6,0,6,0) : 1.22578e-04
(6,0,6,1) : 4.90310e-05
(6,0,6,2) : 5.51599e-05
(6,0,6,3) : 1.83866e-05
(6,0,6,4) : 6.12888e-06
(6,0,7,0) : 6.74177e-05
(6,0,7,1) : 2.45155e-05
(6,0,7,2) : 3.06444e-05
(6,0,8,0) : 8.58043e-05
(6,0,8,1) : 1.83866e-05
(6,0,8,2) : 6.12888e-06
(6,0,8,3) : 6.12888e-06
(6,0,8,5) : 6.12888e-06
(6,0,9,0) : 3.67733e-05
(6,0,9,1) : 1.22578e-05
(6,0,9,2) : 1.83866e-05
(6,0,9,3) : 6.12888e-06
(6,0,9,4) : 6.12888e-06
(6,0,10,0) : 6.12888e-06
(6,0,10,1) : 1.22578e-05
(6,0,11,0) : 1.22578e-05
(6,0,11,1) : 2.45155e-05
(6,0,11,3) : 6.12888e-06
(6,0,11,5) : 6.12888e-06
(6,0,13,1) : 6.12888e-06
(6,0,14,0) : 6.12888e-06
(6,0,15,0) : 6.12888e-06
(6,0,18,2) : 6.12888e-06
(6,1,0,0) : 4.81730e-03
(6,1,0,1) : 1.22578e-04
(6,1,0,2) : 1.22578e-05
(6,1,0,3) : 6.12888e-06
(6,1,1,0) : 1.15836e-03
(6,1,1,1) : 6.12888e-05
(6,1,1,2) : 1.22578e-05
(6,1,1,3) : 6.12888e-06
(6,1,2,0) : 6.31274e-04
(6,1,2,1) : 1.16449e-04
(6,1,2,2) : 3.67733e-05
(6,1,2,3) : 1.22578e-05
(6,1,3,0) : 3.18702e-04
(6,1,3,1) : 8.58043e-05
(6,1,3,2) : 3.06444e-05
(6,1,3,3) : 1.22578e-05
(6,1,3,4) : 6.12888e-06
(6,1,4,0) : 1.71609e-04
(6,1,4,1) : 5.51599e-05
(6,1,4,2) : 6.12888e-06
(6,1,4,3) : 1.22578e-05
(6,1,4,5) : 1.22578e-05
(6,1,5,0) : 1.53222e-04
(6,1,5,1) : 1.83866e-05
(6,1,5,2) : 2.45155e-05
(6,1,5,4) : 6.12888e-06
(6,1,5,7) : 6.12888e-06
(6,1,6,0) : 7.35465e-05
(6,1,6,1) : 5.51599e-05
(6,1,6,2) : 1.22578e-05
(6,1,6,3) : 1.22578e-05
(6,1,7,0) : 1.22578e-05
(6,1,7,1) : 6.12888e-06
(6,1,7,2) : 1.22578e-05
(6,1,7,3) : 6.12888e-06
(6,1,8,0) : 4.29021e-05
(6,1,8,1) : 1.22578e-05
(6,1,8,2) : 1.22578e-05
(6,1,8,3) : 1.22578e-05
(6,1,8,4) : 6.12888e-06
(6,1,9,1) : 6.12888e-06
(6,1,10,1) : 6.12888e-06
(6,1,11,0) : 1.83866e-05
(6,1,12,1) : 6.12888e-06
(6,2,0,0) : 3.57314e-03
(6,2,0,1) : 1.22578e-05
(6,2,0,3) : 6.12888e-06
(6,2,1,0) : 9.19332e-04
(6,2,1,1) : 1.83866e-05
(6,2,1,3) : 6.12888e-06
(6,2,2,0) : 2.75800e-04
(6,2,2,1) : 3.06444e-05
(6,2,2,2) : 1.22578e-05
(6,2,2,3) : 6.12888e-06
(6,2,2,4) : 6.12888e-06
(6,2,3,0) : 1.04191e-04
(6,2,3,1) : 3.67733e-05
(6,2,4,0) : 7.96754e-05
(6,2,4,1) : 2.45155e-05
(6,2,5,0) : 5.51599e-05
(6,2,5,1) : 6.12888e-06
(6,2,5,3) : 6.12888e-06
(6,2,6,0) : 2.45155e-05
(6,2,6,1) : 1.83866e-05
(6,2,6,2) : 6.12888e-06
(6,2,6,3) : 6.12888e-06
(6,2,8,0) : 1.83866e-05
(6,2,11,1) : 6.12888e-06
(6,2,13,0) : 6.12888e-06
(6,2,16,0) : 6.12888e-06
(6,2,18,1) : 6.12888e-06
(6,3,0,0) : 2.07156e-03
(6,3,0,1) : 1.22578e-05
(6,3,1,0) : 4.84181e-04
(6,3,1,1) : 1.22578e-05
(6,3,2,0) : 9.80620e-05
(6,3,2,1) : 6.12888e-06
(6,3,3,0) : 9.80620e-05
(6,3,3,4) : 6.12888e-06
(6,3,4,0) : 2.45155e-05
(6,3,4,1) : 3.06444e-05
(6,3,5,0) : 1.83866e-05
(6,3,5,1) : 1.83866e-05
(6,3,5,2) : 6.12888e-06
(6,3,7,1) : 6.12888e-06
(6,3,8,0) : 6.12888e-06
(6,4,0,0) : 1.21965e-03
(6,4,0,1) : 1.83866e-05
(6,4,1,0) : 2.26768e-04
(6,4,2,0) : 9.80620e-05
(6,4,2,2) : 6.12888e-06
(6,4,3,0) : 4.29021e-05
(6,4,4,0) : 1.22578e-05
(6,4,4,1) : 6.12888e-06
(6,4,6,0) : 6.12888e-06
(6,4,7,0) : 6.12888e-06
(6,4,10,0) : 6.12888e-06
(6,5,0,0) : 8.76430e-04
(6,5,1,0) : 1.59351e-04
(6,5,2,0) : 4.90310e-05
(6,5,3,0) : 3.67733e-05
(6,5,5,0) : 1.22578e-05
(6,5,7,0) : 1.22578e-05
(6,5,7,1) : 6.12888e-06
(6,5,11,0) : 6.12888e-06
(6,6,0,0) : 4.84181e-04
(6,6,0,1) : 6.12888e-06
(6,6,1,0) : 1.22578e-04
(6,6,2,0) : 1.22578e-05
(6,6,3,0) : 2.45155e-05
(6,6,4,0) : 6.12888e-06
(6,6,5,0) : 6.12888e-06
(6,6,7,0) : 6.12888e-06
(6,7,0,0) : 3.06444e-04
(6,7,1,0) : 7.35465e-05
(6,7,2,0) : 2.45155e-05
(6,7,2,1) : 6.12888e-06
(6,7,3,0) : 6.12888e-06
(6,7,9,0) : 6.12888e-06
(6,8,0,0) : 2.02253e-04
(6,8,1,0) : 1.83866e-05
(6,8,2,0) : 1.22578e-05
(6,8,3,0) : 6.12888e-06
(6,8,4,0) : 6.12888e-06
(6,8,5,0) : 6.12888e-06
(6,9,0,0) : 8.58043e-05
(6,9,1,0) : 1.83866e-05
(6,9,2,0) : 6.12888e-06
(6,10,0,0) : 6.12888e-05
(6,10,1,0) : 1.22578e-05
(6,11,0,0) : 3.67733e-05
(6,11,2,0) : 6.12888e-06
(6,12,0,0) : 3.67733e-05
(6,12,3,0) : 6.12888e-06
(6,13,0,0) : 6.12888e-06
(6,13,1,0) : 1.22578e-05
(6,14,0,0) : 3.67733e-05
(6,14,4,1) : 6.12888e-06
(6,15,0,0) : 1.83866e-05
(6,15,1,0) : 6.12888e-06
(6,16,0,0) : 6.12888e-06
(6,16,2,0) : 1.22578e-05
(6,19,0,0) : 6.12888e-06
(6,20,0,0) : 6.12888e-06
(7,0,0,0) : 2.97863e-03
(7,0,0,1) : 7.96754e-05
(7,0,0,2) : 3.67733e-05
(7,0,0,3) : 6.12888e-06
(7,0,0,7) : 6.12888e-06
(7,0,1,0) : 1.19513e-03
(7,0,1,1) : 1.89995e-04
(7,0,1,2) : 4.90310e-05
(7,0,1,3) : 2.45155e-05
(7,0,1,4) : 1.22578e-05
(7,0,1,6) : 1.22578e-05
(7,0,2,0) : 6.25146e-04
(7,0,2,1) : 2.08382e-04
(7,0,2,2) : 5.51599e-05
(7,0,2,3) : 4.29021e-05
(7,0,2,4) : 1.22578e-05
(7,0,2,5) : 6.12888e-06
(7,0,3,0) : 4.71924e-04
(7,0,3,1) : 1.28706e-04
(7,0,3,2) : 4.29021e-05
(7,0,3,3) : 1.83866e-05
(7,0,3,5) : 6.12888e-06
(7,0,3,6) : 6.12888e-06
(7,0,4,0) : 3.06444e-04
(7,0,4,1) : 1.34835e-04
(7,0,4,2) : 4.90310e-05
(7,0,4,3) : 6.12888e-06
(7,0,4,4) : 6.12888e-06
(7,0,4,5) : 6.12888e-06
(7,0,4,11) : 6.12888e-06
(7,0,5,0) : 1.34835e-04
(7,0,5,1) : 1.10320e-04
(7,0,5,2) : 6.12888e-06
(7,0,5,3) : 1.22578e-05
(7,0,5,5) : 6.12888e-06
(7,0,6,0) : 6.74177e-05
(7,0,6,1) : 1.83866e-05
(7,0,6,2) : 1.83866e-05
(7,0,6,3) : 1.22578e-05
(7,0,7,0) : 4.29021e-05
(7,0,7,1) : 3.67733e-05
(7,0,7,2) : 6.12888e-06
(7,0,7,3) : 6.12888e-06
(7,0,8,0) : 6.12888e-06
(7,0,8,1) : 1.22578e-05
(7,0,8,3) : 6.12888e-06
(7,0,9,0) : 6.12888e-06
(7,0,9,6) : 6.12888e-06
(7,0,10,2) : 6.12888e-06
(7,0,11,0) : 6.12888e-06
(7,0,12,0) : 6.12888e-06
(7,0,13,0) : 6.12888e-06
(7,0,13,3) : 6.12888e-06
(7,0,14,0) : 1.22578e-05
(7,0,16,1) : 6.12888e-06
(7,1,0,0) : 2.92960e-03
(7,1,0,1) : 4.29021e-05
(7,1,0,2) : 6.12888e-06
(7,1,0,7) : 6.12888e-06
(7,1,1,0) : 8.70301e-04
(7,1,1,1) : 5.51599e-05
(7,1,1,2) : 1.83866e-05
(7,1,1,5) : 6.12888e-06
(7,1,2,0) : 3.24831e-04
(7,1,2,1) : 6.74177e-05
(7,1,2,2) : 2.45155e-05
(7,1,3,0) : 1.89995e-04
(7,1,3,1) : 7.35465e-05
(7,1,3,2) : 1.22578e-05
(7,1,3,3) : 6.12888e-06
(7,1,4,0) : 6.74177e-05
(7,1,4,1) : 2.45155e-05
(7,1,4,2) : 3.67733e-05
(7,1,4,3) : 1.22578e-05
(7,1,5,0) : 6.12888e-05
(7,1,5,1) : 6.12888e-06
(7,1,5,3) : 6.12888e-06
(7,1,6,0) : 4.29021e-05
(7,1,6,1) : 6.12888e-06
(7,1,6,2) : 3.06444e-05
(7,1,6,4) : 6.12888e-06
(7,1,6,5) : 6.12888e-06
(7,1,7,0) : 1.22578e-05
(7,1,7,1) : 6.12888e-06
(7,1,7,2) : 6.12888e-06
(7,1,7,3) : 6.12888e-06
(7,1,7,5) : 6.12888e-06
(7,1,8,0) : 6.12888e-06
(7,1,8,1) : 1.22578e-05
(7,1,8,5) : 6.12888e-06
(7,1,9,1) : 6.12888e-06
(7,1,9,2) : 6.12888e-06
(7,1,9,3) : 6.12888e-06
(7,1,10,0) : 6.12888e-06
(7,1,10,1) : 6.12888e-06
(7,1,11,0) : 6.12888e-06
(7,1,13,0) : 6.12888e-06
(7,1,14,1) : 6.12888e-06
(7,2,0,0) : 2.29220e-03
(7,2,0,2) : 6.12888e-06
(7,2,1,0) : 4.84181e-04
(7,2,1,1) : 1.83866e-05
(7,2,1,2) : 6.12888e-06
(7,2,2,0) : 1.77737e-04
(7,2,2,1) : 3.06444e-05
(7,2,3,0) : 8.58043e-05
(7,2,3,1) : 2.45155e-05
(7,2,4,0) : 4.90310e-05
(7,2,4,1) : 6.12888e-06
(7,2,4,3) : 6.12888e-06
(7,2,5,0) : 1.22578e-05
(7,2,5,1) : 1.83866e-05
(7,2,5,2) : 6.12888e-06
(7,2,6,0) : 1.22578e-05
(7,2,6,1) : 1.83866e-05
(7,2,7,0) : 6.12888e-06
(7,2,8,0) : 1.22578e-05
(7,2,8,2) : 6.12888e-06
(7,2,9,0) : 6.12888e-06
(7,3,0,0) : 1.44642e-03
(7,3,0,1) : 1.22578e-05
(7,3,1,0) : 3.24831e-04
(7,3,1,1) : 1.83866e-05
(7,3,2,0) : 1.04191e-04
(7,3,2,1) : 6.12888e-06
(7,3,3,0) : 7.35465e-05
(7,3,3,1) : 1.22578e-05
(7,3,4,0) : 1.83866e-05
(7,3,4,1) : 6.12888e-06
(7,3,8,1) : 6.12888e-06
(7,3,9,0) : 1.22578e-05
(7,3,9,1) : 6.12888e-06
(7,3,12,2) : 6.12888e-06
(7,4,0,0) : 9.43847e-04
(7,4,0,1) : 6.12888e-06
(7,4,1,0) : 1.96124e-04
(7,4,1,1) : 6.12888e-06
(7,4,2,0) : 6.74177e-05
(7,4,3,0) : 1.83866e-05
(7,4,4,0) : 6.12888e-06
(7,4,4,1) : 6.12888e-06
(7,4,4,3) : 6.12888e-06
(7,4,5,1) : 6.12888e-06
(7,4,8,0) : 6.12888e-06
(7,4,11,0) : 6.12888e-06
(7,5,0,0) : 5.51599e-04
(7,5,1,0) : 1.40964e-04
(7,5,2,0) : 5.51599e-05
(7,5,3,0) : 1.22578e-05
(7,5,4,1) : 6.12888e-06
(7,5,5,1) : 6.12888e-06
(7,5,6,0) : 6.12888e-06
(7,5,7,0) : 6.12888e-06
(7,5,8,0) : 6.12888e-06
(7,5,8,3) : 6.12888e-06
(7,6,0,0) : 2.88057e-04
(7,6,1,0) : 9.80620e-05
(7,6,2,0) : 3.06444e-05
(7,6,4,0) : 1.22578e-05
(7,6,5,1) : 6.12888e-06
(7,7,0,0) : 1.65480e-04
(7,7,1,0) : 1.83866e-05
(7,7,2,0) : 6.12888e-06
(7,7,3,0) : 6.12888e-06
(7,7,4,0) : 6.12888e-06
(7,7,10,2) : 6.12888e-06
(7,8,0,0) : 1.22578e-04
(7,8,0,1) : 6.12888e-06
(7,8,1,0) : 2.45155e-05
(7,8,2,0) : 1.22578e-05
(7,8,4,0) : 6.12888e-06
(7,9,0,0) : 3.67733e-05
(7,9,1,0) : 6.12888e-06
(7,10,0,0) : 8.58043e-05
(7,10,1,0) : 1.22578e-05
(7,11,0,0) : 5.51599e-05
(7,11,1,0) : 1.83866e-05
(7,11,4,0) : 6.12888e-06
(7,12,0,0) : 3.06444e-05
(7,12,1,0) : 6.12888e-06
(7,12,4,0) : 6.12888e-06
(7,13,0,0) : 1.22578e-05
(7,13,1,0) : 6.12888e-06
(7,14,0,0) : 6.12888e-06
(7,14,2,0) : 6.12888e-06
(7,15,0,0) : 6.12888e-06
(7,15,1,0) : 6.12888e-06
(7,18,1,0) : 6.12888e-06
(7,19,0,0) : 6.12888e-06
(7,21,0,0) : 1.22578e-05
(8,0,0,0) : 1.97350e-03
(8,0,0,1) : 8.58043e-05
(8,0,0,2) : 6.12888e-06
(8,0,0,3) : 6.12888e-06
(8,0,0,4) : 6.12888e-06
(8,0,1,0) : 6.92563e-04
(8,0,1,1) : 1.04191e-04
(8,0,1,2) : 4.29021e-05
(8,0,1,3) : 1.22578e-05
(8,0,1,9) : 6.12888e-06
(8,0,2,0) : 3.06444e-04
(8,0,2,1) : 9.19332e-05
(8,0,2,2) : 6.12888e-05
(8,0,2,3) : 1.22578e-05
(8,0,3,0) : 2.63542e-04
(8,0,3,1) : 9.19332e-05
(8,0,3,2) : 4.29021e-05
(8,0,3,3) : 1.22578e-05
(8,0,3,4) : 6.12888e-06
(8,0,3,9) : 6.12888e-06
(8,0,3,18) : 6.12888e-06
(8,0,4,0) : 1.16449e-04
(8,0,4,1) : 5.51599e-05
(8,0,4,2) : 1.22578e-05
(8,0,4,3) : 1.83866e-05
(8,0,4,4) : 6.12888e-06
(8,0,5,0) : 1.04191e-04
(8,0,5,1) : 1.22578e-05
(8,0,5,2) : 3.06444e-05
(8,0,5,3) : 6.12888e-06
(8,0,6,0) : 4.90310e-05
(8,0,6,1) : 3.06444e-05
(8,0,6,2) : 1.83866e-05
(8,0,7,0) : 4.90310e-05
(8,0,7,1) : 1.22578e-05
(8,0,7,2) : 6.12888e-06
(8,0,7,5) : 6.12888e-06
(8,0,8,0) : 1.83866e-05
(8,0,8,1) : 6.12888e-06
(8,0,8,3) : 6.12888e-06
(8,0,9,0) : 1.22578e-05
(8,0,9,1) : 6.12888e-06
(8,0,9,4) : 6.12888e-06
(8,0,10,0) : 6.12888e-06
(8,0,10,1) : 6.12888e-06
(8,0,10,2) : 1.22578e-05
(8,0,10,5) : 6.12888e-06
(8,0,11,0) : 6.12888e-06
(8,0,13,1) : 6.12888e-06
(8,0,15,4) : 6.12888e-06
(8,0,39,0) : 6.12888e-06
(8,1,0,0) : 1.92447e-03
(8,1,0,1) : 3.06444e-05
(8,1,0,2) : 1.22578e-05
(8,1,0,3) : 6.12888e-06
(8,1,1,0) : 6.12888e-04
(8,1,1,1) : 5.51599e-05
(8,1,1,2) : 3.06444e-05
(8,1,2,0) : 2.39026e-04
(8,1,2,1) : 3.67733e-05
(8,1,2,2) : 6.12888e-06
(8,1,2,3) : 6.12888e-06
(8,1,3,0) : 9.19332e-05
(8,1,3,1) : 4.29021e-05
(8,1,3,2) : 1.22578e-05
(8,1,3,3) : 6.12888e-06
(8,1,4,0) : 5.51599e-05
(8,1,4,1) : 4.90310e-05
(8,1,4,2) : 6.12888e-06
(8,1,4,4) : 1.22578e-05
(8,1,5,0) : 3.67733e-05
(8,1,5,1) : 1.22578e-05
(8,1,5,3) : 6.12888e-06
(8,1,5,4) : 6.12888e-06
(8,1,5,8) : 6.12888e-06
(8,1,6,0) : 6.12888e-06
(8,1,6,1) : 6.12888e-06
(8,1,7,0) : 3.06444e-05
(8,1,7,1) : 1.22578e-05
(8,1,8,4) : 6.12888e-06
(8,1,9,2) : 6.12888e-06
(8,1,9,3) : 6.12888e-06
(8,1,9,4) : 6.12888e-06
(8,1,10,0) : 6.12888e-06
(8,1,10,1) : 6.12888e-06
(8,1,15,1) : 6.12888e-06
(8,2,0,0) : 1.47093e-03
(8,2,0,1) : 3.06444e-05
(8,2,0,3) : 1.22578e-05
(8,2,0,4) : 6.12888e-06
(8,2,1,0) : 2.81928e-04
(8,2,1,1) : 6.12888e-06
(8,2,2,0) : 1.10320e-04
(8,2,2,1) : 2.45155e-05
(8,2,3,0) : 6.74177e-05
(8,2,3,1) : 1.22578e-05
(8,2,3,2) : 6.12888e-06
(8,2,4,0) : 3.06444e-05
(8,2,4,1) : 6.12888e-06
(8,2,5,0) : 1.22578e-05
(8,2,5,1) : 6.12888e-06
(8,2,5,2) : 6.12888e-06
(8,2,6,0) : 1.83866e-05
(8,2,7,1) : 1.22578e-05
(8,2,8,0) : 6.12888e-06
(8,2,9,0) : 1.22578e-05
(8,2,10,1) : 6.12888e-06
(8,3,0,0) : 9.56105e-04
(8,3,1,0) : 2.45155e-04
(8,3,1,1) : 2.45155e-05
(8,3,2,0) : 9.80620e-05
(8,3,3,0) : 2.45155e-05
(8,3,4,4) : 6.12888e-06
(8,3,5,0) : 1.22578e-05
(8,3,5,1) : 6.12888e-06
(8,3,6,0) : 1.22578e-05
(8,3,9,1) : 6.12888e-06
(8,3,10,1) : 6.12888e-06
(8,4,0,0) : 6.49661e-04
(8,4,0,1) : 1.22578e-05
(8,4,1,0) : 9.19332e-05
(8,4,2,0) : 5.51599e-05
(8,4,3,0) : 1.83866e-05
(8,4,4,0) : 6.12888e-06
(8,4,4,2) : 6.12888e-06
(8,4,5,0) : 6.12888e-06
(8,4,7,0) : 6.12888e-06
(8,4,8,0) : 6.12888e-06
(8,5,0,0) : 3.49346e-04
(8,5,1,0) : 9.19332e-05
(8,5,2,0) : 3.06444e-05
(8,5,3,0) : 1.22578e-05
(8,5,4,0) : 1.83866e-05
(8,5,5,0) : 6.12888e-06
(8,6,0,0) : 2.39026e-04
(8,6,1,0) : 6.74177e-05
(8,6,2,0) : 1.83866e-05
(8,6,3,0) : 1.22578e-05
(8,6,5,0) : 6.12888e-06
(8,7,0,0) : 1.53222e-04
(8,7,1,0) : 3.06444e-05
(8,7,2,0) : 6.12888e-06
(8,8,0,0) : 6.74177e-05
(8,8,1,0) : 1.83866e-05
(8,8,2,0) : 1.83866e-05
(8,9,0,0) : 3.06444e-05
(8,9,1,0) : 6.12888e-06
(8,9,2,0) : 6.12888e-06
(8,10,0,0) : 4.29021e-05
(8,10,1,0) : 1.22578e-05
(8,11,3,0) : 6.12888e-06
(8,12,0,0) : 6.12888e-06
(8,13,2,0) : 6.12888e-06
(8,15,5,0) : 6.12888e-06
(8,16,0,0) : 6.12888e-06
(9,0,0,0) : 1.15836e-03
(9,0,0,1) : 6.74177e-05
(9,0,1,0) : 4.35150e-04
(9,0,1,1) : 5.51599e-05
(9,0,1,2) : 1.83866e-05
(9,0,1,3) : 6.12888e-06
(9,0,1,4) : 6.12888e-06
(9,0,2,0) : 1.89995e-04
(9,0,2,1) : 5.51599e-05
(9,0,2,2) : 1.83866e-05
(9,0,2,3) : 6.12888e-06
(9,0,3,0) : 1.34835e-04
(9,0,3,1) : 1.83866e-05
(9,0,3,4) : 6.12888e-06
(9,0,4,0) : 7.96754e-05
(9,0,4,1) : 3.06444e-05
(9,0,4,2) : 6.12888e-06
(9,0,4,3) : 6.12888e-06
(9,0,4,4) : 6.12888e-06
(9,0,5,0) : 6.12888e-05
(9,0,5,1) : 3.67733e-05
(9,0,5,2) : 1.22578e-05
(9,0,5,3) : 1.83866e-05
(9,0,6,0) : 2.45155e-05
(9,0,6,1) : 1.22578e-05
(9,0,6,2) : 6.12888e-06
(9,0,7,0) : 1.83866e-05
(9,0,7,2) : 6.12888e-06
(9,0,8,0) : 1.22578e-05
(9,0,8,1) : 1.22578e-05
(9,0,9,6) : 6.12888e-06
(9,0,10,1) : 6.12888e-06
(9,1,0,0) : 1.20739e-03
(9,1,0,1) : 1.83866e-05
(9,1,1,0) : 3.49346e-04
(9,1,1,1) : 3.06444e-05
(9,1,1,3) : 6.12888e-06
(9,1,2,0) : 1.47093e-04
(9,1,2,1) : 3.06444e-05
(9,1,2,2) : 2.45155e-05
(9,1,3,0) : 5.51599e-05
(9,1,3,1) : 1.22578e-05
(9,1,3,2) : 6.12888e-06
(9,1,3,4) : 6.12888e-06
(9,1,4,0) : 4.90310e-05
(9,1,4,1) : 1.83866e-05
(9,1,4,2) : 1.22578e-05
(9,1,4,4) : 6.12888e-06
(9,1,5,0) : 1.83866e-05
(9,1,5,1) : 1.22578e-05
(9,1,5,2) : 6.12888e-06
(9,1,5,5) : 6.12888e-06
(9,1,6,0) : 1.22578e-05
(9,1,6,1) : 3.06444e-05
(9,1,6,2) : 6.12888e-06
(9,1,6,3) : 6.12888e-06
(9,1,7,0) : 6.12888e-06
(9,1,7,1) : 6.12888e-06
(9,1,8,2) : 6.12888e-06
(9,1,12,0) : 6.12888e-06
(9,2,0,0) : 9.99007e-04
(9,2,0,1) : 1.83866e-05
(9,2,1,0) : 2.57413e-04
(9,2,1,1) : 1.22578e-05
(9,2,2,0) : 1.04191e-04
(9,2,2,1) : 6.12888e-06
(9,2,3,0) : 6.12888e-06
(9,2,3,1) : 6.12888e-06
(9,2,3,4) : 6.12888e-06
(9,2,4,0) : 2.45155e-05
(9,2,4,1) : 1.22578e-05
(9,2,5,0) : 1.83866e-05
(9,2,5,1) : 6.12888e-06
(9,2,5,2) : 1.22578e-05
(9,2,6,0) : 6.12888e-06
(9,2,6,1) : 6.12888e-06
(9,2,6,2) : 6.12888e-06
(9,2,7,0) : 6.12888e-06
(9,2,8,0) : 6.12888e-06
(9,2,11,0) : 6.12888e-06
(9,3,0,0) : 7.35465e-04
(9,3,0,1) : 6.12888e-06
(9,3,1,0) : 1.28706e-04
(9,3,1,1) : 1.22578e-05
(9,3,2,0) : 1.22578e-05
(9,3,2,1) : 1.22578e-05
(9,3,2,2) : 6.12888e-06
(9,3,3,0) : 1.22578e-05
(9,3,4,0) : 6.12888e-06
(9,3,5,0) : 6.12888e-06
(9,3,5,1) : 6.12888e-06
(9,3,6,1) : 6.12888e-06
(9,3,7,0) : 6.12888e-06
(9,4,0,0) : 2.94186e-04
(9,4,1,0) : 4.29021e-05
(9,4,2,0) : 3.06444e-05
(9,4,2,1) : 6.12888e-06
(9,4,3,0) : 3.06444e-05
(9,4,4,0) : 6.12888e-06
(9,4,5,0) : 6.12888e-06
(9,4,12,0) : 6.12888e-06
(9,5,0,0) : 2.26768e-04
(9,5,1,0) : 5.51599e-05
(9,5,3,0) : 1.83866e-05
(9,6,0,0) : 1.40964e-04
(9,6,1,0) : 4.29021e-05
(9,6,2,0) : 1.22578e-05
(9,6,2,2) : 6.12888e-06
(9,7,0,0) : 9.19332e-05
(9,7,0,1) : 6.12888e-06
(9,7,1,0) : 1.22578e-05
(9,8,0,0) : 4.90310e-05
(9,8,1,0) : 1.22578e-05
(9,9,0,0) : 4.90310e-05
(9,9,1,1) : 6.12888e-06
(9,10,0,0) : 1.22578e-05
(9,10,1,0) : 1.22578e-05
(9,10,3,0) : 1.83866e-05
(9,11,0,0) : 1.22578e-05
(9,13,0,0) : 1.83866e-05
(9,13,1,0) : 6.12888e-06
(9,15,0,0) : 6.12888e-06
(9,18,0,0) : 6.12888e-06
(10,0,0,0) : 6.86434e-04
(10,0,0,1) : 4.29021e-05
(10,0,0,2) : 1.22578e-05
(10,0,0,5) : 1.22578e-05
(10,0,1,0) : 2.51284e-04
(10,0,1,1) : 3.67733e-05
(10,0,1,2) : 1.22578e-05
(10,0,2,0) : 1.65480e-04
(10,0,2,1) : 6.12888e-05
(10,0,2,2) : 1.22578e-05
(10,0,2,3) : 1.22578e-05
(10,0,2,5) : 6.12888e-06
(10,0,3,0) : 9.19332e-05
(10,0,3,1) : 2.45155e-05
(10,0,4,0) : 6.74177e-05
(10,0,4,1) : 3.06444e-05
(10,0,4,2) : 1.83866e-05
(10,0,4,4) : 1.83866e-05
(10,0,5,0) : 3.06444e-05
(10,0,5,1) : 1.83866e-05
(10,0,6,0) : 1.22578e-05
(10,0,6,2) : 1.22578e-05
(10,0,7,0) : 1.83866e-05
(10,0,8,0) : 6.12888e-06
(10,0,8,1) : 6.12888e-06
(10,0,9,0) : 6.12888e-06
(10,0,14,1) : 6.12888e-06
(10,1,0,0) : 8.39656e-04
(10,1,1,0) : 1.89995e-04
(10,1,1,1) : 4.29021e-05
(10,1,2,0) : 7.35465e-05
(10,1,2,1) : 1.83866e-05
(10,1,3,0) : 8.58043e-05
(10,1,3,2) : 6.12888e-06
(10,1,4,0) : 2.45155e-05
(10,1,4,1) : 6.12888e-06
(10,1,5,0) : 1.83866e-05
(10,1,5,1) : 6.12888e-06
(10,1,5,4) : 6.12888e-06
(10,1,6,0) : 1.22578e-05
(10,1,6,1) : 1.22578e-05
(10,1,6,2) : 6.12888e-06
(10,1,7,1) : 6.12888e-06
(10,1,8,0) : 6.12888e-06
(10,1,13,1) : 6.12888e-06
(10,1,36,1) : 6.12888e-06
(10,2,0,0) : 6.49661e-04
(10,2,1,0) : 1.34835e-04
(10,2,2,0) : 6.12888e-05
(10,2,2,1) : 6.12888e-06
(10,2,3,0) : 1.83866e-05
(10,2,4,0) : 1.22578e-05
(10,2,4,2) : 1.22578e-05
(10,2,7,0) : 6.12888e-06
(10,2,8,0) : 6.12888e-06
(10,3,0,0) : 4.47408e-04
(10,3,1,0) : 7.96754e-05
(10,3,2,0) : 3.67733e-05
(10,3,2,1) : 1.22578e-05
(10,3,3,0) : 2.45155e-05
(10,3,3,5) : 6.12888e-06
(10,3,4,0) : 6.12888e-06
(10,4,0,0) : 2.14511e-04
(10,4,1,0) : 4.90310e-05
(10,4,2,0) : 4.29021e-05
(10,4,2,3) : 6.12888e-06
(10,4,3,0) : 6.12888e-06
(10,4,5,0) : 6.12888e-06
(10,5,0,0) : 1.96124e-04
(10,5,0,1) : 6.12888e-06
(10,5,1,0) : 1.83866e-05
(10,5,2,0) : 1.22578e-05
(10,6,0,0) : 9.80620e-05
(10,6,1,0) : 1.22578e-05
(10,6,3,0) : 6.12888e-06
(10,7,0,0) : 8.58043e-05
(10,7,0,1) : 6.12888e-06
(10,7,1,0) : 1.22578e-05
(10,7,3,0) : 6.12888e-06
(10,7,7,1) : 6.12888e-06
(10,8,0,0) : 4.90310e-05
(10,8,1,0) : 6.12888e-06
(10,8,4,0) : 6.12888e-06
(10,9,0,0) : 1.22578e-05
(10,9,1,0) : 6.12888e-06
(10,10,0,0) : 2.45155e-05
(10,11,1,0) : 1.22578e-05
(10,11,4,0) : 6.12888e-06
(10,12,0,0) : 6.12888e-06
(10,12,1,0) : 6.12888e-06
(10,12,2,0) : 6.12888e-06
(10,12,3,0) : 6.12888e-06
(10,16,0,0) : 1.22578e-05
(10,16,1,0) : 6.12888e-06
(11,0,0,0) : 4.47408e-04
(11,0,0,1) : 6.12888e-06
(11,0,0,2) : 6.12888e-06
(11,0,1,0) : 1.77737e-04
(11,0,1,1) : 6.12888e-06
(11,0,1,2) : 1.22578e-05
(11,0,2,0) : 7.35465e-05
(11,0,2,1) : 1.83866e-05
(11,0,2,2) : 6.12888e-06
(11,0,2,3) : 6.12888e-06
(11,0,3,0) : 9.80620e-05
(11,0,3,1) : 1.22578e-05
(11,0,3,4) : 6.12888e-06
(11,0,4,0) : 3.06444e-05
(11,0,5,0) : 1.83866e-05
(11,0,5,2) : 1.22578e-05
(11,0,6,0) : 6.12888e-06
(11,0,7,0) : 6.12888e-06
(11,0,7,2) : 6.12888e-06
(11,0,7,4) : 6.12888e-06
(11,0,10,0) : 6.12888e-06
(11,0,11,0) : 6.12888e-06
(11,1,0,0) : 4.22893e-04
(11,1,0,1) : 1.22578e-05
(11,1,0,3) : 6.12888e-06
(11,1,1,0) : 9.80620e-05
(11,1,1,2) : 6.12888e-06
(11,1,2,0) : 7.96754e-05
(11,1,3,0) : 6.12888e-05
(11,1,3,1) : 6.12888e-06
(11,1,4,0) : 1.22578e-05
(11,1,4,1) : 6.12888e-06
(11,1,4,2) : 1.22578e-05
(11,1,5,0) : 6.12888e-06
(11,1,5,1) : 1.22578e-05
(11,1,5,2) : 6.12888e-06
(11,1,5,4) : 6.12888e-06
(11,1,6,1) : 6.12888e-06
(11,1,6,4) : 6.12888e-06
(11,2,0,0) : 3.86119e-04
(11,2,0,1) : 1.22578e-05
(11,2,1,0) : 6.74177e-05
(11,2,1,1) : 1.22578e-05
(11,2,2,0) : 4.29021e-05
(11,2,2,1) : 6.12888e-06
(11,2,3,0) : 1.22578e-05
(11,2,4,0) : 6.12888e-06
(11,2,4,1) : 6.12888e-06
(11,2,6,1) : 6.12888e-06
(11,2,7,2) : 6.12888e-06
(11,3,0,0) : 2.20640e-04
(11,3,1,0) : 2.45155e-05
(11,3,3,0) : 1.22578e-05
(11,3,8,2) : 6.12888e-06
(11,4,0,0) : 1.16449e-04
(11,4,1,0) : 2.45155e-05
(11,4,2,0) : 2.45155e-05
(11,4,2,2) : 6.12888e-06
(11,5,0,0) : 1.65480e-04
(11,5,1,0) : 4.29021e-05
(11,5,1,1) : 6.12888e-06
(11,5,2,0) : 3.06444e-05
(11,6,0,0) : 5.51599e-05
(11,6,1,0) : 6.12888e-06
(11,6,2,0) : 1.22578e-05
(11,6,3,0) : 6.12888e-06
(11,6,6,0) : 6.12888e-06
(11,7,0,0) : 7.35465e-05
(11,7,1,0) : 6.12888e-06
(11,8,0,0) : 2.45155e-05
(11,9,0,0) : 2.45155e-05
(11,9,1,0) : 6.12888e-06
(11,9,2,0) : 6.12888e-06
(11,10,0,0) : 1.22578e-05
(11,10,1,0) : 6.12888e-06
(11,10,3,0) : 6.12888e-06
(11,11,0,0) : 1.22578e-05
(11,13,0,0) : 1.22578e-05
(12,0,0,0) : 3.06444e-04
(12,0,0,1) : 6.12888e-06
(12,0,1,0) : 1.47093e-04
(12,0,1,1) : 1.83866e-05
(12,0,2,0) : 6.12888e-05
(12,0,2,1) : 1.83866e-05
(12,0,2,2) : 6.12888e-06
(12,0,3,0) : 4.29021e-05
(12,0,3,1) : 1.83866e-05
(12,0,4,0) : 1.83866e-05
(12,0,4,2) : 6.12888e-06
(12,0,6,0) : 6.12888e-06
(12,0,6,1) : 6.12888e-06
(12,1,0,0) : 3.92248e-04
(12,1,0,2) : 6.12888e-06
(12,1,1,0) : 1.10320e-04
(12,1,2,0) : 1.83866e-05
(12,1,2,2) : 1.22578e-05
(12,1,3,0) : 1.83866e-05
(12,1,4,0) : 3.06444e-05
(12,1,4,1) : 6.12888e-06
(12,1,4,5) : 1.22578e-05
(12,1,5,0) : 1.83866e-05
(12,1,5,3) : 6.12888e-06
(12,1,6,0) : 6.12888e-06
(12,1,6,1) : 1.22578e-05
(12,1,7,0) : 6.12888e-06
(12,1,10,2) : 6.12888e-06
(12,2,0,0) : 2.63542e-04
(12,2,0,1) : 6.12888e-06
(12,2,1,0) : 4.29021e-05
(12,2,1,1) : 6.12888e-06
(12,2,2,0) : 1.83866e-05
(12,2,4,0) : 1.22578e-05
(12,2,6,0) : 6.12888e-06
(12,2,7,0) : 6.12888e-06
(12,3,0,0) : 2.39026e-04
(12,3,1,0) : 4.29021e-05
(12,3,2,0) : 2.45155e-05
(12,3,3,1) : 6.12888e-06
(12,3,6,0) : 6.12888e-06
(12,3,8,1) : 6.12888e-06
(12,4,0,0) : 8.58043e-05
(12,4,0,1) : 6.12888e-06
(12,4,1,0) : 3.06444e-05
(12,4,2,0) : 6.12888e-06
(12,4,3,0) : 6.12888e-06
(12,4,4,0) : 6.12888e-06
(12,4,4,4) : 6.12888e-06
(12,5,0,0) : 1.16449e-04
(12,5,1,0) : 1.22578e-05
(12,5,2,0) : 6.12888e-06
(12,5,4,1) : 6.12888e-06
(12,6,0,0) : 4.29021e-05
(12,6,1,0) : 6.12888e-06
(12,6,6,0) : 6.12888e-06
(12,7,0,0) : 1.83866e-05
(12,7,1,0) : 6.12888e-06
(12,7,2,0) : 6.12888e-06
(12,9,0,0) : 6.12888e-06
(12,10,1,0) : 6.12888e-06
(12,13,0,0) : 1.22578e-05
(13,0,0,0) : 1.28706e-04
(13,0,0,1) : 1.22578e-05
(13,0,1,0) : 3.67733e-05
(13,0,1,1) : 6.12888e-06
(13,0,2,0) : 5.51599e-05
(13,0,2,1) : 6.12888e-06
(13,0,3,0) : 3.67733e-05
(13,0,3,1) : 1.22578e-05
(13,0,3,2) : 1.22578e-05
(13,0,4,0) : 1.83866e-05
(13,0,5,0) : 6.12888e-06
(13,0,9,3) : 6.12888e-06
(13,1,0,0) : 1.65480e-04
(13,1,1,0) : 6.12888e-05
(13,1,2,0) : 3.06444e-05
(13,1,3,0) : 1.22578e-05
(13,1,5,0) : 6.12888e-06
(13,1,6,2) : 6.12888e-06
(13,1,7,1) : 6.12888e-06
(13,2,0,0) : 1.53222e-04
(13,2,1,0) : 6.12888e-06
(13,2,1,3) : 1.22578e-05
(13,2,2,0) : 1.83866e-05
(13,2,3,0) : 1.83866e-05
(13,2,3,1) : 1.22578e-05
(13,2,4,0) : 6.12888e-06
(13,2,4,1) : 6.12888e-06
(13,2,5,3) : 6.12888e-06
(13,2,6,1) : 6.12888e-06
(13,3,0,0) : 2.26768e-04
(13,3,1,0) : 3.06444e-05
(13,3,1,1) : 6.12888e-06
(13,3,2,0) : 1.83866e-05
(13,4,0,0) : 9.19332e-05
(13,4,1,0) : 6.12888e-06
(13,4,2,0) : 1.83866e-05
(13,5,0,0) : 5.51599e-05
(13,5,1,0) : 1.22578e-05
(13,5,3,0) : 6.12888e-06
(13,6,0,0) : 2.45155e-05
(13,6,2,0) : 6.12888e-06
(13,7,0,0) : 3.06444e-05
(13,10,2,0) : 1.22578e-05
(14,0,0,0) : 7.35465e-05
(14,0,0,1) : 1.22578e-05
(14,0,1,0) : 6.74177e-05
(14,0,1,1) : 6.12888e-06
(14,0,2,0) : 6.12888e-06
(14,0,2,1) : 6.12888e-06
(14,0,3,0) : 6.12888e-06
(14,0,5,1) : 6.12888e-06
(14,1,0,0) : 1.34835e-04
(14,1,1,0) : 1.83866e-05
(14,1,2,0) : 1.22578e-05
(14,1,6,4) : 6.12888e-06
(14,1,8,1) : 6.12888e-06
(14,1,9,0) : 6.12888e-06
(14,1,11,0) : 6.12888e-06
(14,1,11,1) : 6.12888e-06
(14,2,0,0) : 1.28706e-04
(14,2,1,0) : 2.45155e-05
(14,2,2,0) : 1.22578e-05
(14,2,3,0) : 6.12888e-06
(14,2,5,0) : 6.12888e-06
(14,2,6,1) : 6.12888e-06
(14,2,7,0) : 6.12888e-06
(14,3,0,0) : 6.12888e-05
(14,3,1,0) : 6.12888e-06
(14,3,2,4) : 6.12888e-06
(14,4,0,0) : 4.90310e-05
(14,5,0,0) : 3.06444e-05
(14,5,3,0) : 6.12888e-06
(14,6,0,0) : 2.45155e-05
(14,6,1,0) : 6.12888e-06
(14,6,2,0) : 1.22578e-05
(14,6,3,0) : 6.12888e-06
(14,7,0,0) : 1.22578e-05
(14,11,0,0) : 6.12888e-06
(15,0,0,0) : 4.29021e-05
(15,0,1,0) : 3.67733e-05
(15,0,2,0) : 1.83866e-05
(15,0,3,0) : 6.12888e-06
(15,0,3,1) : 6.12888e-06
(15,0,5,0) : 6.12888e-06
(15,0,6,0) : 6.12888e-06
(15,0,6,3) : 6.12888e-06
(15,0,13,1) : 6.12888e-06
(15,1,0,0) : 1.10320e-04
(15,1,1,0) : 1.83866e-05
(15,1,1,1) : 1.22578e-05
(15,1,2,0) : 6.12888e-06
(15,1,5,0) : 6.12888e-06
(15,1,6,3) : 6.12888e-06
(15,2,0,0) : 3.67733e-05
(15,2,1,0) : 1.22578e-05
(15,2,2,0) : 1.22578e-05
(15,2,4,0) : 6.12888e-06
(15,3,0,0) : 3.06444e-05
(15,4,0,0) : 4.29021e-05
(15,4,3,0) : 6.12888e-06
(15,4,4,0) : 6.12888e-06
(15,5,0,0) : 1.22578e-05
(15,6,0,0) : 1.22578e-05
(15,7,0,0) : 6.12888e-06
(15,9,0,0) : 6.12888e-06
(16,0,0,0) : 3.67733e-05
(16,0,0,1) : 1.22578e-05
(16,0,1,0) : 6.12888e-06
(16,0,1,1) : 1.22578e-05
(16,0,3,0) : 6.12888e-06
(16,0,4,4) : 6.12888e-06
(16,1,0,0) : 3.67733e-05
(16,1,0,1) : 6.12888e-06
(16,1,1,0) : 3.06444e-05
(16,1,2,0) : 6.12888e-06
(16,1,3,0) : 6.12888e-06
(16,1,6,0) : 6.12888e-06
(16,2,0,0) : 4.29021e-05
(16,2,1,0) : 1.83866e-05
(16,2,2,0) : 2.45155e-05
(16,2,3,0) : 6.12888e-06
(16,2,4,0) : 6.12888e-06
(16,3,0,0) : 5.51599e-05
(16,3,1,1) : 6.12888e-06
(16,4,0,0) : 1.22578e-05
(16,7,0,0) : 1.22578e-05
(16,8,0,0) : 1.22578e-05
(17,0,1,0) : 1.22578e-05
(17,0,2,0) : 1.22578e-05
(17,0,4,0) : 6.12888e-06
(17,1,0,0) : 3.67733e-05
(17,1,1,0) : 1.22578e-05
(17,1,2,0) : 1.22578e-05
(17,2,0,0) : 1.83866e-05
(17,2,2,0) : 6.12888e-06
(17,3,0,0) : 6.12888e-06
(17,3,1,0) : 6.12888e-06
(17,4,0,0) : 2.45155e-05
(17,5,0,0) : 6.12888e-06
(17,12,0,0) : 1.22578e-05
(18,0,0,0) : 1.22578e-05
(18,0,6,0) : 6.12888e-06
(18,1,0,0) : 6.12888e-06
(18,1,1,1) : 6.12888e-06
(18,2,0,0) : 1.22578e-05
(18,2,1,0) : 6.12888e-06
(19,1,0,0) : 1.22578e-05
(19,1,1,1) : 6.12888e-06
(19,1,4,0) : 6.12888e-06
(19,2,0,0) : 6.12888e-06
(19,2,2,0) : 6.12888e-06
(19,2,3,0) : 6.12888e-06
(19,3,0,0) : 1.83866e-05
(19,3,1,0) : 6.12888e-06
(19,4,2,0) : 6.12888e-06
(19,6,0,0) : 1.22578e-05
(20,0,0,0) : 1.83866e-05
(20,0,1,0) : 6.12888e-06
(20,3,0,0) : 1.83866e-05
(20,4,1,0) : 6.12888e-06
(21,0,0,0) : 6.12888e-06
(21,0,1,0) : 6.12888e-06
(21,0,2,0) : 6.12888e-06
(21,3,0,0) : 1.22578e-05
(21,3,4,0) : 6.12888e-06
(21,4,0,0) : 6.12888e-06
(21,6,0,0) : 6.12888e-06
(21,7,0,0) : 6.12888e-06
(22,1,0,0) : 6.12888e-06
(22,1,1,0) : 6.12888e-06
(22,1,4,1) : 1.22578e-05
(22,2,0,0) : 6.12888e-06
(22,2,1,0) : 6.12888e-06
(22,11,0,0) : 6.12888e-06
(22,11,1,0) : 6.12888e-06
(23,0,1,1) : 6.12888e-06
(23,2,1,0) : 1.22578e-05
(24,0,1,0) : 6.12888e-06
(24,3,0,0) : 1.22578e-05
(25,2,5,2) : 6.12888e-06
(26,3,5,1) : 6.12888e-06
(26,4,0,0) : 6.12888e-06
